5272 258.99 755.698 5450.53 251.069 1042.11 8426.03 275.038 1062.62 8152.63 153.444 736.779 6338.11 
1798 68.3233 254.489 1697.95 119.973 235.66 2081.21 119.557 239.934 1952.45 95.9049 173.519 1548.26 
2864 155.26 475.406 2913.91 231.935 476.12 4042.75 224.356 466.081 4120.96 161.498 352.306 3059.51 
2368 101.46 308.577 2362.04 146.809 569.966 4092.54 142.99 518.494 3979.11 165.573 383 3111.63 
2308 102.179 335.811 2174.03 141.002 515.17 4148.09 125.957 492.012 4097.48 102.179 364.621 3012.05 
11078 483.247 1560.22 11144 539.385 2162.57 16653.8 564.391 1982.39 16548.4 393.436 1483.66 12198.4 
31036 1308.22 4405.53 30981.6 1351.32 5958.86 46307.5 1398.32 5634.27 45421.2 1136.57 4217.76 34035.7 
14202 520.678 2145.49 14040.5 619.749 2548.17 20891.7 681.391 2610.36 20570.3 494.056 1805.84 15596.1 
11128 500.428 1525.44 11122 472.199 2000 16403.1 459.485 1944.22 16810.9 371.73 1543.1 12224.9 
11272 469.572 1560.22 11140 539.108 1994.84 15895.8 505.937 2077.81 16636.9 375.511 1653.09 12213.9 
