5296 230.087 716.465 5223.84 13981.9 25260 54991.6 256.374 1066.9 8758.56 180.747 690.448 6143.44 
2166 82.7271 261.676 1858.04 5010.03 7562.59 15198.5 182.205 243.865 2004.9 81.2573 195.539 1622.48 
2886 135.967 422.464 2923.93 14577.8 22781 51176.6 242.412 501.661 4265.4 175.513 361.81 3046.97 
2290 121.848 305.689 2283.87 4000.63 9529.75 15510.1 127.863 511.079 4108.88 185.419 399 3153.85 
2186 92.6379 304.176 2202.06 4612.79 10101.9 16526.3 121.079 547.8 4231.68 92.6379 429.849 3078.39 
11270 490.786 1612.54 11184 51774.8 54858.7 122160 536.63 1956.33 16949.4 416.613 1529.49 11975 
30638 1431.39 3555.21 29355.3 840660 875613 2.47156e+06 5785.04 5241.56 47028.2 898.005 5475.38 34228.1 
14162 616.579 1929.32 14248.6 14472.8 26217.3 67273 726.102 2589.44 20779.7 449.873 1929.72 15660.2 
11372 524.272 1640.13 11034 60489 62251.9 175235 514.091 1962.93 16636.9 343.931 1520.05 12390.8 
11222 465.276 1574.31 11010 503.626 2037.23 16302.8 490.728 2158.19 16070.8 398.478 1563.38 12253.7 
