5176 239.081 716.179 5312.11 305.539 1048.74 8229.24 223.45 1017.85 8283.81 224.241 818.591 6281.82 
1886 109.06 298.185 1908.07 120.832 246.255 2053.72 125.95 212.419 2164.56 64.1141 194.676 1470.6 
2868 106.362 418.076 2857.79 533.019 817.685 4309.61 245.478 490.607 4187.63 211.14 328.282 3174.43 
2360 98.2828 349.005 2331.97 163.81 505.472 4176.78 113.063 464.41 4182.53 166.566 376 2924.31 
2146 112.447 292.673 2075.94 140.043 519.966 4109.72 108.23 529.204 3986.29 112.447 390.494 3084.16 
11030 487.104 1481.74 11034 542.149 2040.92 16096.4 571.995 2092.13 16141.5 418.223 1500.88 12419.6 
28978 2523.55 3389.35 37516.8 3028.47 7015.03 46608.3 1256.22 31302.1 48387.5 1034.27 5652.3 32535.9 
14102 643.754 1964.11 14082.5 1126.45 3102.24 21281 619.455 2508.33 20514.3 482.432 1969.43 15383.7 
11060 425.128 1706.83 11294 517.266 2007.37 16674.4 559.168 2012.11 16174 397.567 1560.6 12220.5 
11258 509.107 1668.59 11272 635.048 2162.94 16494.5 558.344 2076.34 16286 430.967 1473.94 12182.9 
