50
19
30
276
15
22
44
37
13
15
22
29
59
32
29
116
29
32
25
87
31
17
15
80
80
34
58
22
29
29
117
38
29
29
15
17
20
2124
2395
61500
2384
20
64872
76
5310
126572
869
73
19318
2201
25
6051
91029
36
10850
3849
4881
299
70
7084
2847
341
13479
72
28
2431
232
103
181
492
16856
152
4231
1697
3840
2978
12421
305
43603
25
46317
240
1427
566
481
469
312
808
4009
277
752
2062
529
1844
9391
289
10120
693
453
246
328
404
405
111839
650
145759
1032
497
198
384
435
3190
320
9059
1080
53622
244
344
594
1369
788
1923
290
161
4976
963
794
11
681
200
12547
4093
11590
1546
2433
1334
3329
318
6175
143
19
174
434
213
26741
566
1002
1163
4043
367
1157
2249
700
2209
324
1176
17241
1259
742
558
1336
1133
197
837
259
442
402
3039
1432
1134
1209
3225
329
5345
2084
373203
450
918
1527
144
337
95
93
12153
453
5991
2914
442
12532
25811
1788
806
5379
282
826
98409
625
1312
141
48
267
1401
732
850
347
443
21144
288
464
269
5907
928
632
1622
613
289
690
319
18732
598
2348
273
335
555
128591
299
858
383
5297
70683
430
2177
6805
914
3512
795
439
2506
242
113
772
6550
101
131
606
224
844
595
1794
382
762
391
839
1034
38443
1303
4524
9609
628
558
120
138
394
325
8098
520
95
645
95
1970
592
577
917
3647
324
1981
90
270
50
367
3315
17483
229
338
772
809
614
32043
476
1173
475
377
981
15917
3100
3883
173
171
681
422
519
731
375
232
339
4896
610
533
472
5957
3119
204
1055
239
2387
225
905
447
2299
514
29467
1411
807
599
1971
198436
222
528
116
217
72896
96
97
448
7976
655
4422
413
2093
319
297
1050
2024
2709
912
28518
354
2437
13139
169
6083
516
4125
43571
253
493
186068
13709
2450
266
405
2058
2905
208
359
1296
482
377
22453
1078
788
97583
1609
293
112
227
2369
1089
241
9821
7274
456
1969
101625
48759
36937
14338
2938
7244
2322
471
4287
834
1990
493
859
1389
4099
1024
4898
1318
3072
1742
19389
198
435
13404
39529
161
1127
3103
3447
807
53248
19454
690
7083
13036
451
5365
744
15642
3710
310
4302
770
96
404
19052
1522
151982
731
1337
987
4334
490
2512
4068
394
121
138
77185
17271
358
1349
253
2469
574
28633
171
92
113
490
13922
5534
99
2025
30419
1600
4023
425
88
9150
418
5367
4585
12224
3701
336
194
479
13227
717
38414
417
4837
502
3910
550
487
360
3266
11682
145365
251
991
2398
345
109
829
1060
110
1751
441
4609
63217
800
463
10598
514
462
148
1005
894
3082
3305
56903
703
167
9339
1234
1291
1122
94
377
1918
1003
1011
9292
592
9009
15904
3690
5355
224
108
138
5859
1023
34491
20665
9948
487
4911
1691
690
1281
535
2605
5350
3116
484
9176
30663
3331
121
3531
138
49603
3645
276
978
455
77786
12310
4148
6578
1104
432
3105
1260
1113
310
324
3516
1733
22795
7
295
7201
495
6218
46153
72657
6245
9449
7676
35034
4921
506
59293
134
496
3523
348
413
142
17194
1838
71
238
32726
40
38815
95
155
597
8624
18247
250438
2225
92
1896
1568
216
291832
11247
7298
11929
71
475
201
21891
759
2206
572
2894
6077
2216
551
258
32660
2374
906
1056
472
3763
204
3089
87
216
386
6726
4119
445
1673
460
86728
456
36
41
876
290
23100
295
4322
1861
1130
2110
670
923
4644
204
608
539
464
1769
536
27
4667
12801
401
3220
439
3797
190
2351
1127
536
3937
35
2620
685
489
1568
913
883
28915
480
549
1150
47789
185
200
805
62
279
9889
11189
3543
190
235
6943
484
1591
485
580
169
629
27
1331
89
608
4406
513
165
38
1595
98
29283
3952
923
1283
1998
15413
26985
1799
3172
1476
673
13241
29
1487
800
621
12943
1392
524
247
197
2277
1495
733
2309
23144
2932
9085
392
15556
1916
10929
2546
12182
1958
444
2676
27
13178
8617
251
1084
589
140097
54073
1307
7552
436
1316
11
18
6427
3229
666
13476
6568
613
1661
624
749
6776
1017
612
331
2734
289
985
349
800
4175
24104
2282
628
3160
461
3710
8666
2877
263
1226
11438
486
148
956
563
649
14857
2871
13724
578797
1501
2700
141
728
1588
3718
22412
1846
526
387
4253
1492
18397
16335
196
1275
216
294
658
1308
482
205
6537
3628
186
230
346
84
498
3821
212
1491
761
125
415
327
859
5582
15878
632
707
229
14210
445
202
319
547
23912
38106
7631
11571
6383
939
3506197
7180
820
364
2620
49418
1751
1041
1752
341
163754
7236
298
30
793
649
1518
490
1279
486
2050
729
1965
1903
1753
73
87
9453
281
216
842
1664
668
5489
252
2093
117103
37367
1751
492
356
4577
5864
8414
2019
14491
783
13927
2256
5033
7510
256
391
3184
559
6795
29
1128
512
415
272
1694
412
19321
123
1571
340
296
22731
563
4911
974
1873
589
4718
1638
492
534
1724
307
32366
218
80955
1407
116
5097
8897
164
381
940
6775
3972
285
80
283
3776
350
137
500
4130
1765
489
23527
525
314
31232
1893
743
208
7254
2007
81
93
24641
2921
664
143626
683
6943
212
271
1110
291
2504
1457
6437
256
209
410
277
1902
1241
1710
14095
13395
13
945
1367
597
1092
4448
1765
38
143
3998
2918
3249
3920
126
2493
243
709
404
210
110306
1498
3661
1011
5572
516
100
26691
2947
1019
567
7203
1198
1212
1019
3349
932
8823
3134
21281
32440
225
4393
8324
203
179
778
109
196
54
1093
708
884
609
90
3053
222
3298
3397
24576
3342
659
149
1443
635
2184
6011
8959
434
279
769
1157
1874
5156
17519
416
1300
113
290
392
2603
11634
781
54
32821
236
468
6801
9964
667
51
458
1397
246
214
50950
656
944
417
7153
7439
2933
247
5718
432
2876
781
7773
327
15491
105914
2731
718
5896
1287
624
1188
766
15
18555
447
400188
211
307
311
1208
17757
4720
4950
23
4040
597
948
153
109
11
1198
478
1571
90293
5475
91899
835
1184
3443
738
2745
1048
13
9474
2174
53
579
202766
415385
214864
1271
91
396
1850
3786
392
4151
4774
1965
603
1239
1525
2326
2834
506
264055
8047
6955
484
56770
1373
747
12616
415
1487
80245
745
8055
4310
456
2805
2140
1732
153400
12317
52498
10264
222
55
278
1604
143
243
1431
659
14595
3342
469
19
75
2698
365
1253
1485
4622
1451
324
304
345
1480
308
137
857
730
311
249
1469
20429
340
9229
124905
395
330
1593
119
535
155475
554
91
12106
793
395
212
174
171
729
761
232
684
1060
167
34
67
4025
347
143
9372
2815
238
357
2082
78
74
1852
27
234
200
967
59
1414
1590
708
426
10687
516
204
6689
295
251
1705
1484
308
724
1345
348
6887
2304
470
517
3884
294
1023
1640
311
619
187
4065
721
201
33929
610
1599
1295
322
90
1803
148
733
2955
1760
226
3532
743
438
127
184
15319
1484
2937
440
40580
2557
714
17066
99
205
86
335
549
88
25707
1884
309
680
2655
5633
2192
8032
55
9423
609
1638
368
5478
4893
1088
434
2419
2328
127
25284
252
2485
1296
256
6394
3356
345
1922
458
95
284
6197
148
58
299
2954
166
757
1651
961
1264
266
250
381
1069
543
98
3126
376
289
29310
1946
16961
32051
410
150
58
773
228
930
1512
189
100
7521
1068
3860
517
867
141
215
308
358
672
675
448
2146
76023
302
612
428
3561
204
3809
12615
152
2057
186
323
467
2627
8171
851
168
6671
666
1797
155
7056
35735
2219
34914
52
267
1100
106
225
177
1136
92
25
523
212
475
5398
1738
2368
838
4394
10463
194
190
811
248
481
259
390
939
67
364
59
844
1421
79
4516
2429
254
72734
428
122
260
807
4694
656
2059
31650
168
1853
556
319
555
321
248
505
1479
277
2048
534
635
15316
574
505
1750
1627
1470
464
135
1417
4323
396
87
143
564
3766
1364
119
1606
1297
50241
380
655
4526
67
3415
1136
261
12
955
240
11228
930
744
283
187
251
6862
406
180
1271
679
1709
1156
326
62726
2631
681
875
233
27407
218
780
1094
206
1142
496
18982
237
1974
2111
605
697
184
1493
2854
387
228
210
25030
285
1268
2361
54
117
217
455
461
1508
676
267
467
35628
217
256
348
645
689
1847
69
11342
233
196
5535
16355
335
21
839
63
937
1889
7251
433
865
340
268
24
1329
8471
795
6930
859
1001
250
91
1019
378
25
530
407
335
627
176
131
20297
519
973
623
769
207
93
293
101
4080
391
38156
709
15887
1172
24628
106
223488
4565
1413
558
3173
626
420
4124
6446
2129
5463
226
1526
1461
1310
2601
1436
827
747
512
548
151
258
8
36814
10770
704
9665
39999
93
528
331
4076
974
628
44
844
1097
732
359
5800
331754
463
1277
430
829
352
315
239
148
237
570
537
2639
2239
237
1743
467
4603
205
758
346
1058
4310
1478
580
202
851
380
856
824
502
566
382
379
1493
2528
7482
496
147
3104
811
2312
590
189
235
619
6470
155
37
3188
94
329
30633
160
108
162
184
747
853
555
752
515
551
20695
212
323
336
205
1171
3182
371
3189
1830
133
932
2370
2102
14511
1354
966
1658
34571
204
1508
414
47483
247
5197
38546
1519
1477
98
378
547
381
661
491
3513
2307
28
3002
2074
318
1010
132
99
61
1803
213
644
433
2534
490
11049
13105
1006
1992
340
1023
4195
86
263
163
3430
342
723
235
7986
1607
19250
7954
225
1167
699
1792
3910
396
347
156
302
791
201
213
14146
26877
493
3610
1069
5125
1487
14553
262
13455
238
111254
152
5512
1026
485
1565
558
5052
498
28762
1503
649
7083
375
2097
692
206
147
329
2942
464
1987
343
3766
5356
287
34
11672
1058434
190
384
548
469
759780
513
1981
61625
682
101
930
161
462
17
57701
200
8407
1926
1277
542
29513
279
5256
3808
27827
107
485
143
159
1320527
350
8271
322
234
586
410
570
25
16527
1031
272
3570
4295
5433
8711
51
849
508
783
1376
5567
533
411
97984
739
10007
150
214
394
462
145
2163
7684
659
1450
27957
368
462
679
220
677
206
68
407
1318
1303
8308
45
7942
1326
480
400
610
526
1430
1151
155
260
2012
269
131
2509
145
145
552
77
6584
363
20825
16857
5164
6885
781
20695
95
190
483
212
3189
2268
2040
1126
139
6680
14905
1121
3836
19697
3687
4271
2622
300
281
385
7009
2474
2627
1325
309
926
313
288
311
261
1260
83
26398
13291
364
16269
12291
196
155
364
94
4222
605
323
76127
208
206
92
770
1218
133
362
917
225
1782
170
175
133
274
91
8074
135
488
911
2156
1495
2051
17349
3443
326
1523
264
56519
1042
550
904
2532
632
2917
330
1030
310
38812
6568
5532
2098
938
22093
355
320
2674
303
952
1930
10086
1784
1447
1182
160
231
175
320
118215
1515
423
13014594
2241
21931
771
2471
226
98
502
3611
2204
821
70
2914
761
560
609
89065
1512
96
181
165
192
57795
203
462
1728
396
525
76791
1539
1317
196
331
441
369
31
65
1511
1420
218
443
1051
4244
6800
2054
6812
485
579
928
523
20440
15028
757
4340
91
329
213
1492
1153
397
442
345
357
4817
227
8910
1044
9023
4027
1620
26640
355
1831
2574
210
12274
133
5139
137
2318
779
142
329
602
22689
2363
4753
865
94
230
1899
415
18063
698
232
686
2014
140
1676
267
488
249
592
1779
606
3230
277
299
67
300
534
1572
761
1426
3462
8155
13788
280
245
263
1148
24626
3518
2189
2063
1141
4048
1063
157
137
1073
137
191
776
394
309
237056
38766
1882
25308
2749
620
8370
621
302
203
1445
545
308
155
1239
13931
11479
194
119
967
240
373
603
652
173
780
2779
248
1423
1085
209
131
1609
327
989
104
321
3487
2045
79
2670
39044
621
1074
303
226
5704
389
127
535
191
470
941
5182
2576
241
364
291
1914
12139
390
370
2848
988
98
654
299
615
585
580
92
816
729
130
450
309
4212
9590
10451
1055
2787
7294
129
329
5511
199
2088
207
1078
4416
26409
1063
7255
227
3573
1113
1338
16461
597
227
10048
590
110
240
6245
3917
366
175
686
6025
264
550
7585
19088
305
77
720
229
290
104
381
1494
945
20227
1923
1061
1846
231
1883
3949
180
4156
447
777
1427
465
436
986
4333
599
4716
4302
387
1371
308
395
2594
5915
156
84
20080
2818
462
2986
1417
1873
31375
10743
31567
173
6427
654
1723
4275
1027
2057
710
3096
832
5471
433
240272
565
785
12978
280
8098
82323
748
88215
121
2904
302
55
1678
232
35724
443
181
1645
233
351
473
266
482
21005
1102
1235
1267
136
108
236
281
33335
538
95061
25
443
1005
531
1859
118
26068
1149
135
198211
3506
1591
183
7163
83
27580
10230
1849
19565
12576
6965
155
101
759
767
2812
1156
76423
298
423
457
245
6019
3558
3689
13627
311
660
133
5798
22089
17546
223
470
490
712
1467
488
4177
284
1146301
768
203232
4964
2440
759
1737
1997
3569250
598
3251
454
378
320
252
267
1029
3730
98983
3111
469
92208
15066
293
2024
23936
1160
1142
582
1792
1038
10088
3973
4950
292
10158
10550
2594
1480
709
269
1059
3721697
9644
649
1882
671
93
324
317
916
312
522
1127
3135
8270
598
161
2579
511
27199
64
390
850
4421
317
339
150
1815
142
572
4869
26410
25683
229
632
363
4339
6450
406
468
4459
3814
37
1343
275171
1940
15074
9849
293
895
79054
1592
2310
1164
266
904
1256
680
467
1019
501
47768
6933
1852
8638
1770
1868
1764
1001
4169
2216
7010
398
1008
988
189
2444
10952
19321
330
808
829
7151
489
5947
190993
3841
750
62068
115094
27097
1285
10850
930
203
181
207
4369
1098
94
877
47756
7128
783
926
448
387
63665
16539
4497
181
244
3119
185
4229
535
1360
137586
521
7279
4529
17
8548
613
50
7493
3640
328
179
166
7568
3460
745535
94093
6134
298766
1134
227
2035
2178
773
2009
19307
4686
1026
24991
737
608
94
366
192
638
949
192
80327
2110
493
816
657
43383
30004
503
63454
1501
1476
1791
20989
790
9117
401
16484
946
739
228
21718
2226
510
125
74
354
7376
2679
2805
1145
2150
28686
468
191
146
1517
218
11379
304
3247
1205
12704
613
989
468
269
1290
179
8506
234
3443
2474
1426
5145804
2516
19181
3318
37525
741
464
310
296
12722
1559
3403
1287
2060
507
101
180
220
659
647
1014
289
30114
1878
35166
12692
19657
67
46
463
281
75
1286
10910
381
271
6788
7399
1658
5122
7976
204
172
15514
241
2638
357
1160
1415
1138
1906
46210
7063
116
2203
5417
1249
5405
7942
62723
271
339
821
558
552
133297
630
202
19705
258
584
2353
2057
2625
258
202
209616
197
3399
315
105698
241
1499
1113
219
7633
265
19535
1111
4405
703
1624
851
2254
10408
626
378
31363
185
473
548
256
309
7170
1144
1753
43981
511
2335
2272
7374
914
2981
784
4394
5251
605
273
48025
26833
1030
261
90
16028
7154
1735
64
418
237
547
865
400
3855
1508
7410
4300
1422
495
13082
3096
216
31591
2385
826
605
1533
2243
1641
2958
246
3290
7783
1728
5944
6866
2005
21664
40467
22887
1061
610
671
237
160771
2928
5773
690
24427
10500
9799
866
391
166
3610
713
1651
431
2225
4790
148
1926
872
197
1073
967
63
3702
493
1566
3749
2862
186
6370
272
2498
10534
2998
7171
2630
2739
1829
1320
89554
1856
1321
139
5122
7587
647
503
268951
120967
34247
141
990
532
54
814
4792
6048
20727
254
8914
41121
180
838
82
6240
299
1130
3569
4943
84519
1052
338
237
364
7068
73573
113
3596
231
748
12327
1853
2639
319
640
3040
453207
509
1674
818
3099
1239479
521
110
4631
174
4248
171
3798
290
4169
4136
722
34930
127
180
706
1703
6068
2303
352
295
727
293952
548
255
328
932287
72375
465
712
8022
602
357
833
91
563
8
147593
338
174
17929
394
110
750
52
721
1518
5971
2211
1281
135
222
67274
152
19
171
1905
402
18524
972
460
166
742
1088
230
8
137
313
401
12552
13901
215
9914
367
3424
10502
265
241
104
11779
1471
1706
898
1052
592
1644
53039
10523
21768
131
634
2891
508
197
11212
910
209
298
616
194
2621
1242
78218
260
6017
2787
12795
152
367
192
377
62946
7598
52
3458
221
6024
1280
1023
281
216
1433
8855
7020
735
4856
176
11544
262
1446
6850
11373
2754
2286
1339
178
560
927
66139
483
8452
450
4430
1709
17368
344
386
8314
16648
11732
109
736
730
2544
26003
48
246
13129
481
1270
716
1107
5164
12530
8297
1848
170
773
72
2188
3572
1546
395
377
784
405
197
957
1961
115
216
152
923
10528
209
7584
8593
2922
1105
4347
201
892
1007
668
3254
31644
13055
180
3537
73
3428
34360
346
8088
213
3940
1066
613
2758
8849
788
2711
557
5741
2972
177
317
4541
14197
14264
46716
4624
3170
3984
1987
181
105
227
959
676
158
888
82657
856
3552
202
82
406
158
951
1119
318
13146
3134
13401
72107
12341
6743
682
5601
99
2233
20746
2240
4436
1246
1638
133
604
159
756
3170
991
10850
1342
2085
1064
98321
1424
837
54
784
23182
4521
1950
304
447
674
712
472
246
1177
1366
1111
2188
86
4677
9546
1851
9421
1179
582
1848
53364
693
291
17364
825
2032
1753
172
956
5317
46605
1094
713
667
1103
5820
2829
443
77
454
77106
36932
498
564
1499
3353
1555
973
47
1084
3327
13656
80738
917
621
2751
72339
196
211
10264
3491
3204
5440
1444
444
370
1687
21469
30401
16688
4835
359
1812
7360
22522
2308
756
11758
810
1479
37125
784
18730
171
5600
8389
47392
225
2375
6029
581
1118
10533
12987
1828
962
193
5185
1059
1196
3622
925
1583
295
3558
691
877
605
419
864
2172
192
2928
605
80
1456
146
60
491
95
4753
319
103
2863
231
578
11323
71
99
22550
510
20258
1860
12557
494
5113
198882
531
678
6270
19950
597
21049
828
327
392
1370
71
591
837
402
2414
493
7277
3476
422
2289
8462
1030
166
17961
500
430
3664
11717
1301888
4041
3095
99
59
86
3674
459
3220
18211
708
43165
1897
669
437
755
652
163
141
512
13815
68
992
12745
358
806
883
18778
1492
830
133760
1402
3275
1398
2130
16319
79
893
845
8151
1701
2357
503
204
1650
15653
1141
576
1582
21599
700
4898
1954
6412
1444
1378
425
2390
33694
946
92
2956
2894
315
801
359
939
1026
1632
1002
262
1086
278
1172
835
1247
154
4721
13975
148
2768
1389
8087
2828
994
805
342692
311
5201
776
3443
278016
171
470
3773
396
7277
1078
230
13376
530
694
758
296
15186
305
5742
2644
53819
323
1581
26921
36364
4857
825
530
1358
2372
3157
497
47581
5936
3770
28970
959
637
1030
1546
6587
64
167
962
7914
477
669
14897
25231
907
12
112
352
6385
887
766
515
646
758
14352
487
304
3750
281
15925
36
11
1474
5815
784
3901
12247
84568
775
1058
4780
1819
434
96
554
1914
343
6125
161
469
1702
2817
1353
485
486461
314
3340
1521
693
5670
5035
2629
636
873
19527
4077
121
507
55
229
2419
755
871
2402
11378
98
305
1396
1369
236
4185
39346
5917
40283
25
1052
61265
123
80673
2786
23374
473
159
3980
4077
225
391
967
2161
622
108
1516422
3869
6183
783
1061
105188
21855
10835
155145
21004
3051
1760
172
615
206
1006
286
465
11938
171
10190
2490
445
9086
524
1510
2091
270
9273
7824
367
1309
1791
11517
1204
12725
523
192
1308
76
157
341
573
4212
1685
2521
99
39023
1045
98859
1905
1372
453
3389
868
140
93
487
592
5543
649
1337
1472
104
2682
8548
348
1028
6259
1536
352
2516
1460
391
6638
367
3325
334
8320
280
263
339
188
1801
96
25
2312
432
117
107
1697
614
1747
372
27
407
7370
34
33898
167
35516
277
240
2945
7953
297
127
113
1210
995
1679
822
49
73
1474
286
1033
172
50333
326
206
1033
3843
273
631
666
371
79
464
6379
15363
13490
374
69
1791
663
38194
7324
1681
141
9975
138
2133
1537
152
403
8081
1713
490
31
95
1798
17994
17229
721
2476
1035
657
1462
30
20218
2043
552
296
749
107
266
2159
1038
977
68916
149
64
854
95820
725
216
116
3824
9834
1202
361
1151
590
8566
10596
204
1299
34652
95
5033
124
242
178
256
232
9004
698
1075
1706
182
124
1218
28
24276
3168
314
1527
176
1007
2773
35440
146
7570
484
535
691
372
28167
2098
28357
457
29565
249
2789
172
479
715
300
405
17353
65945
4087
2648
112
620
16978
946
6750
154
58040
160
1660
1255
1122
92
126
606
23618
472
750
1326
110
196
45853
1553
2231
987
554
5072
4820
2560
481
6333
369
1317
3419
5088
1218
657
164
1154
5728
80180
1909
112
300
515
1980
16500
1289
231
544
25554
19160
732
6578
1264
32
16708
19082
143
466
482
2670
526
276
407
244
511
387
318
109
43
147
342
2929
232
21569
3192
1250
561
1075
43896
328
358
370
1260
302
1875
6453
6113
584
24476
1131
87
6728
15710
224
14055
1153
733
1205
148
6008
960
540
938
204
13811
235
663
1245
26235
13648
394
24119
549
181
13477
8004
5629
257
1920
23928
37425
2183
2324
1622
1765
3214
3009
294
398
608
400
812
1365
47
20556
594
9453
108
343
21837
1321
895
557
2622
8
1165
267
178
16579
4664
20521
110348
944
139
505
325
1970
383
280
111
7069
14325
202
180
328
253
3159
322
1794
423
823
519
1421240
569
143
809
688
76710
802
1252
1143
739
20532
179
234824
1701
1173
3002
185
288
28073
267
874
648
249
1401
542
39415
188984
35121
1086
133602
266254
347
1088
712
1755
255
16395
349965
189405
1305
5483
10821
3453
260
12935
278
14379
47
38454
3408985
1217
295
472
123
32677
861
90196
140596
39822
597
254
1177
162091
394
32184
91
211
33359
81241
2722
130892
9831
6021
44597
118303
273219
17577
360
269844
142
3805
159
59312
17261
14580
295
253
16284
15695
53112
85661
425
891573
22797
246
171
282
57951
32313
171
1090
2163
31066
670
1905
42
465
1200
4766
17341
365
6830
1137
133
8715
33288
2613
446
377
19807
2066
7551
276
3250
71035
224
327
3109
350
5526
15122
1682
179097
567
20087
1168
161
714
5781
667
29444
20128
37589
403
307
1047
7362
488
36179
70979
348
3182
523
247220
5543
7895
23126
5979
13538
865
270
402
36522
2445
17362
515
280
283
15278
1471
16846
71450
399950
65
10204
577
42334
18887
222
1753
35050
48478
426823
274
35342
73
6714
98718
10350
3993
583237
26546
101675
72854
44340
129
113
377
776
344
35529
12448
85
72
626
248
2636
14979
93
7421
2321
617
95
14012
210
3099
13913
178
26126
25118
903
3380
1207
483
1885
173
300
2618
1323
11828
574
22147
1182
105
961
550
87
172
2204
707
23858
44589
2200
1479
1467
805
187
169
2954
13504
93
288
6995
377
507
23037
14891
60196
355
147
4684
138
9409
16342
44054
682
96
1064
1122
1209
105
2572
26063
5131
135
85
395
1379
91
1797
26851
1892
721
318701
1199
537
21581
5868
405
847
309
28391
149
51
393
182920
299
28940
29812
312
2713
577
560
10753
235
61819
13255
1414
172810
354
105
1161
434
2050
16824
917
4356
11882
4541
353
26588
579
8
1384
66759
134
14921
287
754
5622
13062
638
2715
1270
2676
636
8242
15205
368
795
712
52
406
274
46536
1233
1142
7971
235
123
12652
462
8636
133449
5805
3205
1500
562
186
828
10832
16233
112154
383
163
100
44
12138
3844
1125
339
28292
60455
374
209
3304
1616
3507
42261
7032
899
104
3852
348
4118
74
16793
14433
255
105045
217
29926
6810
165
58
713
3816
779
200
648
397
701
47926
331
75797
1422
3669
552
439
97
959
3128
10273
218
438
13275
19370
814
1038
25091
827
8103
1196
53660
1039
23
120
676
11453
1361
2128
32601
63220
247
26987
342
36
1236
7272
38488
549
1845
13175
196047
5689
50491
1341
199
82
105792
12940
192
25406
867
1966
602
2512
724
879
171
58593
939
1676
94
14140
13643
111287
149
477
1611
2710
9851
440
632
2525
120
25068
869
119
1448
1712
25361
137
169597
97
60
117
13232
1158
3942
16521
11728
329
1164
492377
3966
7015
3763
11981
24262
931
811
6321
4739
407
196
2330
6271
50691
6014
108
250
584571
25046
1359
474
577
2223
9326
602
16132
10243
54
7226
593
846
1552
3014
212
339
13366
554
4359
28129
208
15322
1181
13928
18837
228
9989
310
3134
62878
1233
56
9918
50860
128386
1210
1417
5862
7699
231
6391
13883
174645
370508
441
378
413
18239
7057
943
19062
263
1986
185413
117
2697
463687
38747
609
2369
23
808
1604
2692
939
121
304
647
667
245
309
12878
5432
1245
8695
1065
24206
1101
122381
3600
2453
2407
14972
1102
146663
2763
14788
1439
3058
15211
109884
2452
1936
3133
19403
476
13502
4864
20217
486855
310
15460
9907
199
42102
1477
383
232
433
727
391
596
293
16323
508
98762
5403
53
1459
350
489
567
1073
1289
253
208
223
1101
878
414
1257
12826
608
370
2706
613
5270
1665
3912
1299
60507
746
361261
9435
286
259
29887
552
70
1958
223
59867
1524
894
5369
744
15396
2172
860
1495
1043
398724
1787455
742
322
802
2456
475
12701
1466
600
34653
1013
486
732
16030
3761
1833
411
373
261
3223
5976
160
180
14212
331471
399
23137
99570
292
1152
56
8751
7756
2909
34299
457
3125
262
2541
641
4867
14419
800
153563
54357
1023
414
21881
128
223
770
53246
3149
87567
32124
1211
1339
356
14573
1992
4783
1115
2525
325
751
101
2576
715
1704
2194
5302
32883
977
255
127
8621
9935
232
77442
802
9545
8127
607
7239
7935
51837
1517
956
325
791
692
1177
1119
1377
348
4841
63572
5387
1323
26501
6414
12547
55318
25975
76068
110
3238
43733
73028
9805
3320
3002
940
23943
145
1200
1740
11451
25364
437
593
1094
2004
407
2124
11747
19415
1143
2980
2631
4900
102496
3126
134
2393
478
3417
253
3673
2192
10608
6987
5708
3183
1183
187611
48568
15171
6671
979
14187
475
1756
1634
23441
23774
13743
2924
2696
823
14428
104
5002
8040
1777
720
9861
350
1265
12322
49147
11675
487
376
29967
116860
60146
551
409
1590
5036
951
1330
113979
157162
185
1128
1064
27072
18735
48216
2269
1984
8802
6927
8538
1524
2971
4504
37771
80512
21081
242
22068
4259
2248
4233
315
337449
50680
95610
186
9497
1072
18609
52
170975
57734
592
2764
16412
8333
9182
1695
461
174880
582
352
4021
23752
29460
13591
1624
108
1984
39984
472
1737
6713
96140
834956
221
308
976
278
84431
11928
6832
10095
2719
443
16127
520
3917
2415
13780
805
674
597
71596
24328
1917
16455
1831
24912
3835
1426
2602
35
41492
580
3114
3344
580
327
2344
1641
313
7080
3878
1643
111765
2724
219948
1457
14036
779
240
3004
12622
4574
167
896
1146
3336
855
520
20798
405
473975
62211
17675
1198
941
13950
480
1656
5764
1637
21374
533
225
88
1372
6293
746
196
320
7814
4582
844
884
740
15462
16004
227
19214
7898
6014
1114
2172
219
20404
15105
7873
1298
70702
191611
10316
40268
1289
9199
814
93339
183
1871
3088
835
6795
45813
161270
2784
917
504
9304
453
67852
131902
1266
3736
5908
24139
2166
485
194
3570
1052
8117
19326
2485
530
1424
618
2602
1863
150286
3177
45318
8691
635
2089
1027
43222
15548
187
178913
172
202202
512155
156598
61364
1468
1651
14458
13371
346712
848
542
1755146
294
473090
171772
16040
8641
7334
48408
3470
6961
5504
2463
735
72929
2126
217
2447
1127
472
8484
54785
7825
613
2023457
11050
236694
1921
39840
5520
3824
502
345
316
57591
133461
654467
126856
16909
2545
5235
2051
628
376
2660
694
441
9897
3392
42435
3522
722
1384
23981
408038
13072
1454
342
838
1117
1609
535
1166
5139
51969
7852
794
3747
6872
581
1066
16557
4919
10334
172752
572985
1393
6150
16530
1572
2467
15969
729443
4546
141
331
671
1729
2296
1120241
488
521
17405
1906
3492
534
167
1239
2790
194791
1153
10603
307815
17485
348
39409
73769
279411
24626
1906
27303
27
380
48723
18615
1721
91844
6495
529
10935
1394
27009
181197
23189
273
1679066
469
2709
1801
200
409
783
2198
1274
1898
40113
12696
25452
213
3386
108483
601
2144
1106
126667
1722
3516
11700
60130
992
586
297
138150
6540
8291
68473
33422
15892
1182
336583
146335
15484
21588
341
408
10769
46
2323
644
663
13093
21135
162471
173
23701
85182
4520
12072
831
51358
3205
116687
621
65254
6523
3761
59749
3879
21830
110833
16687
8815
20938
48002
1302
916
3219
338827
19848
1871073
18493
11120
16245
26391
10081
1051
1241
73095
47911
9431
6267
4124
103577
106293
161401
152
249
88360
15168
441
5632
20622
290821
448
283236
167
6167
589
136096
31576
1143
35912
16997
440
1619
539792
13925
1565
1248
265027
44994
6971
162
53409
3942
7246
293223
6074
35298
2327
1786
5696
10956
1319
1133
1747
5728
332
23702
767
10475
1106
3005
31660
10144
471
516
2053
3164
33084
21123
150583
843
24372
70740
88580
312
31938
316
7496
912
7772
1663
26624
2907
4391
7667
730
19767
319417
23115
11034
160
9263
404
2345
39
4491
3119
2155
118659
38200
393
268
47791
316
820
3211
572
7475
24461
886
22033
8865
6628
1058
48359
1518
289096
1849
435
2669
3526
9299
436
16607
859
202
11217
5382
4670
110075
337
1963
2509
1168
48720
3088
2153
5887
1552
21706
3167
5846
1841
3973
550074
42524
679
22242
2617
19160
109739
880
819
25808
23294
11617
33279
12323
15196
11899
888
708
20461
26980
27194
12296
4147
58011
32339
18085
762
15699
12625
2204
230937
679
1728
56196
11308
15111
116
2493
2376
916
10332
2211
6941
1751
3912
7577
786
596
2795
17851
30382
1099
4056
787
19856
4227
15063
48211
771
14180
8427
344
146
11928
4421
1366
3567
7252
5507
962
1074
24604
345
1119
72117
5349
15965
46285
6113
865
46713
364
3321
14671
348
73769
4858
24879
12584
576
486
3941
391
34699
497
59032
2674
2626
1244
14508
39176
333557
4953
2348
309
1645
51
100768
673
22300
2910
805
134
3022
870
53
1088
55929
12138
29457
3832
5333
939
3334
3250
7498
1696
732
1436
9008
1928
1110
9019
10659
1083
8645
308079
349997
5015
1772
4756
14452
65735
1234
2169
12890
413308
109120
13036
3800
26613
2384
14228
1034
872
144
1325
12460
2832
7006
136100
1931
16688
2228
35974
190
536
414
107285
65970
448
237
418
10995
11338
29951
30051
44841
347
95880
16900
274
21230
18299
41215
9886
461
5425
14453
43391
98249
14779
363
106
4724
1076
677
5999
2466
268
176116
32927
10631
33100
20757
16001
422613
24494
176
11093
927
10181
15311
420120
344917
61413
24982
417
2460
246908
7226
2489
108394
1113
16903
18141
37434
202402
934
142528
31690
5067
375
5648
690
1213
1277
248
3543
114177
106901
53665
242911
336806
135704
198366
138
45987
718198
24262
389745
121271
356184
11520
17165
15784
630021
306124
1064
216
634
4887
29608
13183
415537
496
1325958
3180
121433
92752
572
2743
40696
1139
2211
97832
5388
1223
216
14139
29961
344564
112907
319
55952
28134
17118
89938
7582
3449
1130
1437
263
457
566
544
239
13496
20664
251
19581
12082
432
4550
61455
960
110834
900
120776
15750
102945
21062
66940
24622
332
12120
1180
119945
254
27491
538
21049
35445
43945
667
515794
51777
240194
64991
1708
1169
4155
212689
12019
152697
1913
9638
1783
3106
20180
21391
9947
16455
61
3204
8578
476
1027
26252
45910
342422
128612
90778
108299
725
27491
2201
37000
43024
919
80898
40413
15063
148
17923
125225
1428
21777
10230
241
30452
77631
49048
219548
23193
77234
11723
12275
817
23049
40078
15245
410
10869
28940
895
21825
22929
86578
487
10385
9530
17492
15255
66350
584
360
38246
14952
187317
73045
663
3071
1874
222
14804
108098
99868
349
33332
28495
139241
63940
9057
43906
47016
2146
19626
13196
73814
3786
3036
324
39615
146160
94284
23108
1111824
6227299
525
465555
180
111147
126187
135
9123
125145
140780
2406
16446
14543
10275
22038
26083
34937
291
113749
11743
3021
20881
25921
1774
8193
145344
20127
56813
1415
1508
21445
874657
1312
10796
10871
1091
190749
211812
80406
505557
194306
1087070
74
1723
32989
3058
933
79822
25107
736
9310
10384
14024
367992
44288
41897
39012
150397
38024
2479
21
1460
32312
1509
1944
93186
295
3615
106453
19572
2812
1025
13439
1372
52717
20205
212
264
24315
13822
14628
12634
24343
26755
36796
1208
390
62621
14198
18869
49531
74446
3505
167720
306100
35112
66950
335777
109
793
76809
17662
36924
57156
15497
17462
832
570
260497
21252
281581
1148
13164
14170
40053
33727
22267
50802
20420
388
31579
21548
92365
484
368
125498
26846
146329
19124
753
386
86098
65450
23331
12760
2887
965
152
86772
42194
199079
12755
11188
134061
685
13080
22334
221
17784
900
52320
1634
41561
14187
7208
142771
1580
22539
118229
14495
8225
9220
10200
20127
501
589
365063
23166
1999
10336
1115
9215
12044
6171
134391
23247
27485
238
21325
1962
9315
838
14409
2111
676
23054
15367
156980
313
10414
31950
64492
116
644
179398
26511
19269
44654
11436
131678
13213
34527
238393
32087
29
39860
19418
87361
4373
1421
456
37685
12290
37157
228
1187
6229
23566
229156
4780
18705
15254
81
24554
71
321
34783
23602
31247
29097
30431
527
15920
87914
10620
14968
12627
18939
17127
7658
64418
16704
11000
15392
24029
24379
57161
13750
22173
14462
348
2500
2046
14625
1548
290
859
12111
18480
1123
657
27989
1542
12648
14958
33887
654
693
2402
34170
10261
53706
10370
16339
13310
15644
891
39134
13547
29336
889
27839
1867
21013
26044
23205
162247
41226
54327
197000
503972
407395
613
13090
13213
13863
194
3141
1139
26273
21100
14624
631
16334
32085
37790
17598
501
19725
311
1325
1282
74877
587
102
11645
495
2622
13703
12748
24274
8940
21334
2783
37286
1577
5003
10787
129643
9125
13160
16937
7806
1050
204410
3290
616
49355
8864
1139
3633
14663
3385
26274
39502
22809
845
31526
63193
43128
6466
10491
179283
24839
19851
811
14384
3435
908
21679
58453
53146
80307
28821
2779
11066
65582
1110
932
14570
1526
15841
17870
35193
993
31425
11587
6234
2697
1252
11266
5732
2907
935
13644
37311
11687
80022
18363
114578
1227
780
43888
9080
14457
49651
75270
109
317
20612
763
23730
29023
75518
89217
9629
16107
47285
25644
19757
28979
6099
138572
8420
780
178637
91095
3064
5139
13273
12593
30270
8297
17524
16738
3509
180
2610
963
14381
96292
903
3023
7418
29753
3518
16330
304
1415
24184
117582
33873
73008
24485
1687
15683
4717
117541
6140
7203
186
36529
7304
675
158
2778
3018
13007
14866
36970
12393
29921
14135
29146
39823
31786
27520
5444
37134
16741
19002
5899
7657
8418
105131
10727
20508
15496
13076
2419
17683
75949
13438
8760
41310
1843
18066
19041
30117
2661
54602
1195
21793
339
664
266
56029
49900
11211
19329
34623
7278
3204
1806
136949
13498
602
217916
1067
307
2675
16333
14340
21674
1386
56793
5473
16894
2306
20972
894
76949
20272
1882
1619
26505
47863
27755
12309
18265
15427
16446
528
107877
2278
12256
37363
1699
122474
5062
4201
1323
120782
8117
14170
321
5858
22745
6959
986
257
19001
22218
682
5664
38888
2154
15049
3277
105850
27211
2086
334128
27796
1744
31771
474
963
20337
17836
4359
3611
56921
10541
1461
12363
1646
16541
2131
4876
36887
29401
17092
1741
5044
8460
10619
58138
9007
22644
2235
809733
14518
1385
6544
26005
87087
18821
10845
339
30768
6359
7745
9997
7059
3350
48676
757
726
3258
12697
1598
26484
70797
50599
60538
600
482
138
6568
13376
7283
1639
4196
15676
1998
1104
3798
656
15036
2474
36189
39498
405
34910
1550
445833
4527
332553
3945
83852
2222
11078
1814
106319
2721
38963
8644
4026
3555
36921
14293
4303
9165
65889
2107
2738
2501
46135
11667
58311
80626
1998
87556
13674
6411
17874
14178
43613
32906
3119
2753
222461
686
13666
354603
3108
110363
3373
6021
5730
5790
1462
12165
16382
2204
3225
4452
5459
8825
2528
2294
3059
19165
219
5345
20018
3522
1310
10524
17914
2081
3411
5445
1077
18518
10601
7459
739897
155603
6629
7215
19958
1519
118
487
213223
4012
6243
462
15403
1982
2935
35855
491195
7880
5298
13343
9696
2611
4252
7096
13330
4711
5779
1730
1397
12741
2521
8955
11768
194
19077
2634
5956
13297
7658
1298
7733
10907
7720
5129
83084
71950
9275
4973
33162
33895
6375
3380
12470
28220
23584
5874
3676
2299
159
43537
21077
1466
48154
26495
11604
7214
234
19891
3737
3225
2969
9190
7149
28735
56037
1708
110202
5496
487717
19728
4841
29714
13297
8530
177
1777
2505980
10304
992
185
710254
58
3268
43021
199714
731
2910
399
17902
4400
65975
85077
829
9667
441938
31835
78
11033
15404
63617
1591
13158
3286
11428
8887
2727
14474
60234
295552
2626
3808
16014
283803
160114
32560
43301
949
111548
25303
32792
13682
19700
8572
1931
75486
2890
16724
42073
406
2758
4806
703
110166
78639
55166
342
758
87952
34171
110870
164587
746
7934
6159
28091
14255
1674
112713
13151
106387
21842
1456
13478
369
19327
1880
19620
246771
728
12689
224829
141768
1112
28442
40148
117344
18797
30420
1066
30911
860
633
9301
16079
1347
78
3585
22457
4052
179
582
864
21003
5216
134178
11056
20677
8230
8867
1110
1149
632
2767
1250
323
11082
32040
43237
1956
977
577
185
52
191
3653
253247
3659
109
1680
295441
14590
565
71
691
34311
50
689
17600
9891
63
574
104520
23495
3622
59
637
28481
2768
852
88121
3545
183503
32067
20
118
22
13093
11251
31513
59
91
632
1009
80806
98727
18085
34031
9294
1612517
9261
7562
329
12552
265692
11622
174
3028
609
1985
12794
683
1900
9490
18451
28922
69290
871
79
49855
2153
890
12175
392
1752
748
9845
4544
3969
102381
2920
291
11128
13415
27166
95
142871
4411
277
434
9758
711
6601
7256
9609
700
33560
26542
368
1185
375
274
32891
192274
9160
101
1503
5156
24642
126
20954
110
18320
13159
693
83593
15899
583
20336
1839
752
14210
34325
22684
7186
1017
855
206
1447
77358
1717
1537
699
16804
1578
235
17170
3121
1763
1814
1614
1183
1189
1078
1881
37642
1874
598
3584
20349
4603
234
5150
1440
10099
9825
62291
3445
778
1230
824
2037
1497
1034
3615
219644
9826
2044
4684
10389
11605
45930
85920
1150
905
20461
812
10320
3268
1046
32164
88012
6453
3792
4930
120
2954
247843
759
3959
609
52451
25329
15459
353244
232102
920
19987
2887
756
15996
607
1543
10261
468
776
30748
2415
3477
636
76241
9278
338
5586
137006
12378
2113
85399
87494
2822
63625
200776
103277
130133
1356
830
18485
7846
38365
1530
901
46532
396
729
29358
22838
138312
1694484
224
10980
363
162
633
1478
826
8827
45519
8989
76
11876
38545
10698
2678
2186
578
1614519
4580
195
917
6932
315
11121
4385
3384
5720
85155
3578
36879
45694
2101
2334
5809
950
18999
156
37017
3382
742
12937
20918
2396
829
480
4395
12139
692
605
635
991
1966
293
2813
3141
8497
62013
5323
12150
2064
11836
954
26286
23
3967
4719
676
3897
54355
177
2386
696
1682
8292
30140
55578
4905
271
4166
2478
1750
43195
408
4264
951
17334
333
16040
3392
30447
114
128
844
1499
142190
8140
25979
2602
346
2867
2635
26884
9626
283
14488
9543
14138
14845
3676
628
1188
631
2862
27326
5616
4448
2666
10246
2073
1991
1035
12417
406
2321
30661
39824
689
1894
4775
1579
4714
2457
883
1702
471
4509
556
47399
2476
827
3609
85171
4509
2817
9772
983
4035
22565
8013
143
254
616438
105040
9133
4813
22693
5078
755
4343
633
895
27278
3577
14505
13026
60722
9435
605
1082
3534
30461
100896
744
16768
27305
1019
1157
4099
219
4734
54232
15026
511
655
1927
3656
10128
755
8832
41288
17356
26228
3479
2863
881
8775
2284
921
1270
2114
6466
7191
13649
11745
778
898
4376
5973
866
798
78804
7173
58440
6888
129
2328
578
749
862
2239
367
1876
1515
15136
32483
10682
788
7699
1012
799
1081
991
1252
11132
4919
2616
19099
2944
47568
714
705
722
15056
1854
7698
22374
986
1115
10724
8357
3821
21306
4126
727
12762
557
2531
6759
2293
932
16045
1730
2906
1380
718
827
517
42364
102478
2402
20027
1206
2033
7345
909
169
160
735
2309
512
1395
23374
419
5130
4371
9732
70106
15642
582
634
41
2117
1081
822
10404
24925
1817
57114
673
3861
3252
14047
17839
515
657
2808
7446
1891
44676
6142
644
390
355
803
8604
526
8125
2539
3863
1159
2513
853
1042
374964
191
72453
402
1299
1449
5522
1013
1844
923
1073
10012
392
703
35968
771
117576
8677
526
765
1164
1022
718
950
13282
1804
531
463
1488
702
577
597
559
5076
673
411
744
859
687
615
577
12813
1133
10975
2742
9158
16300
888
874
27669
26444
5182
1954
10073
2090
949845
887444
27390
2430
10622
3733
425
917
2530
661
808
2326
166542
14436
23978
1660
28082
7625
1247
393
597
29081
16273
268
1076
8776
15437
163439
1222
3405
2457
1027
26281
904914
623
921
27653
7020
47690
64570
92164
92
580
10669
932
1096
2429
38609
875
3065
357012
2295
693
958
10338
4282
654
25145
38961
26812
1419
1152
2924
1051
5818
8646
14824
1037
84357
8313
1166
1924
3477
13554
2307
655
1616
2715
5161
25661
30933
164189
44455
179
1166
11660
33264
1330
1404
1888
1545
712
42360
1233
8497
4989
19621
629
799
2346
7703
10090
1730
81531
1811
2015
340
983
23280
7046
16157
10993
148
25291
21908
130
746
102
671
1035
217
3094
554
323
18998
656
18054
10158
503
647
814
56458
3815
318
89384
523
14329
3222
126925
1073
9145
12343
55
7337
214
26772
139
416
858
639
60891
7256
2463
4442
677867
4988
819
582
2463782
47811
4166
646
205
18780
17574
3266
623
34200
3741
1523
128181
12736
4152
5268
598
841
140
162789
2132
4972
985
16982
9804
2415
349
244
587
712
888
1616
1240
1308
5737
319
916
864
289486
12927
5065
1342
7326
26935
356
893
618
2880
1209
959
344
740
106241
22382
9251
3420
825
567662
18252
15313
19916
137
845
913
754
1742
1275
1639
12736
167
110819
25169
83
94382
4941
933
409
1388
1771
643
1414
270
1008
13484
1503
617
853
520
234647
645
1499
10062
887
35387
10291
1756
622
1239
1056
7804
127074
1419
1625
4043
518
3184
900
1012
560
25739
46119
1420023
1718
3829
89598
1154
7268
4826
559
6671
126
2774
2669
18557
6760
667
559
2486
336
47
371
173
2572
638
759
1483
9706
27009
2424
383
19221
66375
5706
46
309
425
2823
1338
63275
4348
387
620
617
2151
132
579
31683
1607
11128
619
2190
430
565
89441
3678
1725
703
1037
2498
430
656
298
8701
622
11330
3638
17031
1145
661
1270
1738
1276
515292
646
5988
589
17538
2076
1199
8689
958
13210
415
40604
66
1017
254
24164
61399
2826
10852
1132
4122
546
161
8568
83
105
23464
22967
3411
15446
1241
359
709
19566
2524
18362
214
1083
293
16080
250921
162
35727
6380
1673
22378
15672
33755
22660
19812
649
20128
281049
10948
94338
22866
1463
6817
147
23661
10616
15416
11477
622
1157
1100
29159
26268
218660
98719
3618
17377
2404
5165
1168
11016
15261
33230
294
1262
12245
2623
14909
15616
466
2876
14256
914
395
16267
38908
15527
996
16274
31444
5281
21783
1527
458
64558
3403
34387
9134
2357
1274
965
6909
217469
743
1588
18038
6299
2083
25
1339
31483
5093
1920
612
482
574
8762
628
12723
1178
276
1947
2798
11098
5485
9912
13036
40822
12186
211507
319
387
8811
190
1577
16470
834
829
1217
1330
1559
3790
3900
244
1496
8091
863
2815
496
20777
826
1377
4271
4638
684
3106
617
4769
5933
945
923
17213
242
448
321
2546
14218
710
1493
963
523
799
8509
477
1104
482
3686
702
1067
12183
37055
1193
1835
649
444
3422
45894
380
2263
463
932
10917
661
608
475
538
405
1334
996
573
1151
7437
1421
1016
26060
33014
707
4533
316
368
773
628
3500
63058
650
894
624
2309
3419
43994
623
274
3102
16769
715
1585
534
4949
11136
196
3579
174
487
10147
249
859
2808
2229
1750
1157
7658
82
328
2029
204
39012
1183
243
970
3505
1543
3100
15717
3089
1850
1233
3936
268
973
708
21474
6427
15574
1651
8353
21454
4387
5786
238372
134
437
1527
12669
203
751
608
592
593
877
227
11248
8947
739
4520
2536
472
413
1096
306
655
13
384
428
188
862
359
181
137
435
748
330
419
92
58
502
6943
13726
354
373
351
524
745
495
475
363
554
55
90
158
726
156
367
3735
498
5625
192
1030
331
906
1059
657
298
1294
81
280
367
758
430
570
316
1311
2989
52921
695864
126
283
1054
2739
321
308
741
209
4074
1195
922
3143
1180
1567
663
303
601
213
493
14945
242
96
185
495
108
138
21
78
185
64
119
249
1994
339
983
491
1213
323
230
709
60
1420
672
529
1198
207
85
359
2312
1056
1686
243
381
643
767
863
902
473
1279
898
629
374
330
3188
2070
352
932
860
1565
295
945
1333
113
998
105
1176
1277
1371
1951
898
420
36679
1650
603
747
13722
934
69
46
702
1285
819
1824
1765
717
7061
174
2303
173
237
1408
1851
204
139
1142
656
498
5130
658
3780
468
983
3145
1309
2004
2197
746
346
1418
17104
349
613
87
1789
269
1317
4130
405
220
1681
25347
795
1511
27915
2270
838
1783
3097
1130
163
249
964
508
1247
2141
15844
22036
200
675
690
559
3497
1077
447
546
3123
1859
22755
54344
723
770
418
12320
3602
5976
3414
425
1334
2138
742
266
699
847
1433
7280
32070
297
516
331
18201
2651
507
3243
1635
4857
690
228
2849
8110
26163
9032
22242
6201
56496
3354
429
380
350
443
247
2568
1122
2040
16012
105384
203
679
629
298
977
446
1196
14003
14754
417
610
724
277
840
620
1590
7796
4344
1229
6131
474
239
558
263
2980
1695
6465
979
2882
251
28702
8489
7850
388
173
1404
46634
320
630
1767
353669
3971
157
13121
10772
14792
460
247
986
1115
273
453
502
316
670
10510
808
1147
6795
1472
1503
906
233
384
895
199
552
36
334
270
251
962
8957
3694
5120
6649
355
1473
129
260
334
20
242
177
1572
3421
1870
25181
160
559
490
32868
7782
351
151220
3013
2143
948
23754
1065
2309
2735
1198
24196
1882
611
70251
628
161
782
1029
4716
572
285
299
1763
1326
230
755
14675
8103
426
656
240
2929
10232
4328
1085
12405
677
438
135
155267
5384
547
1357
705
709
1560
1411
1816
2294
8239
43664
173
692
6546
1038
586
245
461
242
1334
595
11051
9471
153
389
15328
2249
153
182282
249
2491
1396
118
2482
130654
77515
294
722
2002
584
14842
176
559
30552
423
609
43080
397
1344
382
531
2284
16810
41142
5170
281
14806
26118
17112
24238
44423
698
1565
9286
2133
192
2688
109
2949118
482269
647
153891
12346
31854
18208
239
7553
917
7613
1193
412
26206
300092
5259
25314
327
785
21344
1102
739
1038
590
864
690
4780
26562
1587
1406
11533
13082
41181
94518
5678
2222
3657
19303
2873
8412
6613
6305
5070
290
385
508666
819
252
4713
34062
50828
3661
20662
2655
8090
6148
23904
333388
7942
13719
240
9279
4212
394
19979
317
40594
18200
80581
3135
8024
3923
2589
2069
75126
222453
3425
1854
1267
11459
5948
444
5566
54682
13257
980
3026
26001
6306
1326
1310
280
733
250
768
33535
1656
2485
70484
13761
625
1158
58850
16787
531
669
131281
473
15566
434
578
48976
139370
175120
685
3542
13955
733
49959
5719
333
242
699
11320
3461
1654
897
501
27677
14862
3883
64393
17235
21616
10322
400
492
6553
2459
26110
180765
2329
479
491
11365
70042
26
845
1979
145652
6985
3783
664
283
42409
159
345
5610
272
2609
931
852
1226
1300
2929
2418
8241
4062
775
824
1018
5869
907
15187
243
239
1289
16579
2422
535
86411
1936
6401
636
2065
21561
344
1533
3922
279
847
5381
535961
336
1210
279
15361
281
5390
17
2751
361
1136
131
548
344
1218
1034
350
8875
719
481
3599
2698
327
1407
210
10984
6178
32334
2247
965
2365
1988
1631
1184
2617
3409
4318
18197
5948
1920
168
233
2073
5395
2252
186
4846
4022
10766
1640
95
1431
9246
29966
22790
4608
24977
200528
131883
6664
1859
604
1378
5927
416
10777
594
571
533
1211
3218
5315
1091
2742
393
5708
386
49949
851
11294
282
2278
7902540
323781
1381
2367
12943
14559
9594
1524
6840
640
12463
27458
388
1858
9064
1479
3725
4849
5873
745
8704
7901
2560
31656
3523
114805
6644
2605
1597
756
10759
174
1880
13318
21575
759
11811
1849
5419
540
532
977
12950
4988
10768
134
3771
1525
133752
4682
2508
566
149
1160
20226
6643
853
338
447
1159
30638
1040
2188
937
2693
617
217
19385
3463
891
1293
1158
2535
1488
1805
15611
1149
855
16276
559
2838
886
383
16476
84619
8863
721
20272
1805
1297
297
335
808
92
804
116927
442
1258
4249
680
338
114
831
70
1930
1629
12933
17976
48188
329
5302
402
412
484
1053
69800
1510
5205
19427
388
17037
16426
245
11358
421
3731
3515
102
603
394
545
16543
1577173
4214
568
51874
5411
1061
27126
1382
877
13515
751
201
511
17100
4242
291
490
1797
1989
1272
3545
11461
1855
796
469
50673
5297
15376
3591
566
49
914
149
1211
1590
1682
338
31277
5414
2064
1100
1614
599
83360
1070
61181
2090
610
275
1199
6977
26935
9496
1472
3110
27333
133309
3430
4114
2177
350
13460
3603
1511
1931
1740
406
763
429
37653
2097
44944
28466
2221
534
6769
444
1430
829
4577
17560
4768
4168
13316
14770
26948
4652
2169
5869
2938
5241
3518
1324
23834
2212
4200
15115
4847
4106
1659
3598
5713
30352
5237
2416
4404
2606
146
9788
3900
17695
3344
20689
5241
5151
918
697
29926
3597
11591
7179
4829
529
50457
754
44617
2933
822
797
914
47011
32152
4381
1699
1334
3629
316
11910
3228
15182
14720
17213
3290
1557
1393
1015
53702
12124
7315
6325
805
2011
3095
1182
27698
705
21736
25794
2297
6538
29094
19947
12700
1697
2665
2226
2491
17355
4168
5643
3519
1926
2034
43807
5921
3563
1374
17809
6657
88049
3989
3244
1443
2661
11013
11319
417660
3023
879
941
42678
3088
1608
3477
1353
1490
1263
4004
2811
2373
2464
1846
18944
4145
1745
2911
2352
12530
3006
2035
1804
1713
1855
6857
522403
109215
49497
43261
3562
4130
2948
3598
1153
13391
2727
3541
902
18540
1506
748
47
3852
2086
3295
796
198478
68870
13459
3708
2453
2320
2926
1498
7489
10372
2713
4442
3279
2796
1787
329
37608
30204
2918
6000
2527
6488
2299
38281
12165
1301
2286
3374
1281
954
10712
288
16475
445
36343
5631
2501
6681
3257
756
25625
1970
10094
2539
2222
3572
2851
8046
1890
1404
2153
2186
5713
4502
8693
4617
3636
4299
2980
1520
1231
3057
11745
2963
1964
59446
21325
12621
528
8755
4406
6771
38794
2648
2138
11179
13410
1860
9224
620
7951
13603
23025
43848
454871
1601
2876
3501
1757
1509
70325
757
10001
7304
71924
2329
2938
3322
132778
995
10823
306
22063
4137
3414
8285
28747
6049
6332
6360
2592
1786
4106
3444
20578
3453
2433
1757
1490
31154
2889
2237
2899
1899
1986
1618
1774
6077
3506
2425
2137
8781
6813
528
1287
20282
3909
15285
2805
6672
3413
1100
8905
1873
3065
2863
6466
3414
1135
2908
658
876
16433
4748
2642
5973
1731
7647
12152
1608
1662
2618
2562
1567
1544
1676
3264
3744
1347
33203
12372
26071
16412
1081
1483
1927
1721
8402
15543
2393
7310
1026
6473
1504
1453
1168
586
333
25059
1341
7059
3878
1311
1104
2431
180
3038
1908
49149
2244
3162
3970
299
960
6936
14950
30995
1708
29103
7758
2839
189
1209
1589
1192
4094
39
878
10159
2530
2257
2081
1066
5068
4515
1078
3265
1761
1807
2352
1944
2850
2196
1768
1749
817
235
2287
11123
17284
5721
7358
1288
8539
1059
13845
3292
1429
3281
1192
1092
10301
13927
1233
1296
4244
4597
525
1608
270902
44537
1704
2962
79696
6881
768
15327
31713
2574
243
3109
1083
4266
2179
936
2114
2594
3802
19995
24483
107394
2005
398
4521
11811
4938
16037
7617
1268
342732
648
1139
4177
4521
2356
2451
1661
14583
480
1657
7975
4806
39968
2556
1229
1410
1827
8061
1572
2442
1812
1703
5043
5082
17058
450
1269
690
18599
11593
278
1041
1278
1084
784
32
370
43134
247
397
7396
1642
2682
456
5656
5959
27557
322628
3231
1978
8911
671
17136
20362
623
64973
42497
1755
565
417
152857
1564
8516
1152
10319
4410
259
3036
46811
10222
1665
1907
1644
3755
1016
503
955
1075
1157
1945
1362
975
458
3288
2445
1204
2641
12960
29605
322
16947
4577
2818
1075
1182
272
961
1626
4048
17556
23832
5181
1279
4916
1213
5254
1614
179478
2751
508
3466
2734
2976
15723
69555
2208
8439
30337
15649
1197
764
10039
9325
3666
2108
1881
1164
13140
3966
78416
52154
1111505
3109
1737
3914
1422
1854
743
5591
19858
2041
1121
954
551
24015
1613
33083
1770
10756
20194
4941
1866
466
23334
19617
2101
2332
37022
1908
7074
156829
102133
6071
17033
8664
2282
2516
1217
3356
19596
3447
3323
1690
1221
2326
1914
381
1960
3619
13661
74747
3897
1734
2103
1226
4069
1380
1788
307643
422
1955
5151
25189
61916
5020
1092
1399
1938
153804
12884
3562
1109
1318
5044
15321
31499
555
1749
7880
1598
1883
261
1302
341
5002
3798
558
517
38440
222693
37625
4740
2075
604
4271
2724
20864
320
1598
28059
27240
1582
738
563
89437
3695
11895
1365
972
39667
1039
1240
819
6965
5736
6428
1393
6729
1990
864
380
22743
45295
39537
2436
2217
2770
7351
46728
4211
2889
814
421
296
5821
8864
3849
4677
3543
3492
1691
1914
2680
468
4471
36292
2477
797
103
1337
1922
391
9215
5429
5817
2484
172
35984
16775
2809
3067
4072
4789
5386
72764
1485
972
1736
280
963
598
2355
820
201
6809
5565
2013
873
308
2579
6526
23082
1000
1601
87
29837
3440
8022
388
1640
19895
2592
2749
2795
2003
3239
238
7142
1608
4658
3756
829
16945
11709
2188
3036
378
4352
24806
28082
3722
3740
1697
38230
3584
2524
3380
2501
326440
407
24688
13965
2478
1052
5605
17286
13007
19239
852
1644
6085
2978
4962
2954
4644
15520
246
1341
2721
1650
5774
131
1175
674
18559
2462
12016
3172
2328
12676
16263
7819
9411
3080
3203
4691
921
2142
5544
150
1570
1794
2679
16956
15755
946
2451
5860
5973
8993
1954
309
677
3594
568
3327
3879
2997
5177
118582
306735
392
1339
153
2487
6347
1103
861
183
11989
6523
1346
1729
5545
6793
86098
351
3479
3114
11505
1021
2824
39140
24063
4150
39981
1727
2584001
2256
12111
15467
1774
15969
1302
17258
14889
1095
1794
3802
302
23066
1705
37791
6515
335860
9545
13768
6071
2318
577
14545
166
717
5116
137966
4267
1691
6104
3650
6705
1288
1477
4919
3109
29114
37402
1962
986
6335
17711
2055
3466
2046
10799
1342
37654
2762
8267
16070
27531
23531
41116
870
1942
5240
3729
1774
418722
13796
285
3957
3351
1724
4368
3148
337
308
19964
4361
3662
50839
1669
2940
24016
10374
36924
3499
1764
162
3760
5025
1294
1162
4998
20270
20328
1446
21824
11749
3033
4242
1732
327500
130
3575
13387
5339
1428
1288
925
1068
3754
2357
1267
5172
174088
3910
2515
2814
2167
5245
2518
2487
11551
35073
4583
628
1231
2738
28999
443
3890
1683
4158
14313
29558
1979
5063
16719
767
4261
2132
3072
55975
54784
11858
13757
12727
1492
2997
3022
2182
3864
3584
3944
23815
2625
1205
2086
17598
7474
71194
15307
15655
4130
5000
8765
33200
1406
969
2909
65763
33846
9520
59928
11013
27236
2658
9445
1939
570
64084
9467
6570
3724
1082
36948
276297
3583
22953
18390
2432
6314
5065
3067
3233
4302
5191
34577
50573
4691
81165
513
585
43573
4109
10063
5859
28025
742
1069
4639
716
51629
4914
2941
1179
4741
3210
29977
1755
1167
253
2226
4549
8424
3670
2238
1217
1028
506
1270
152975
3049
255338
1638
3690
3046
993
43864
1154
514
4606
6557
3922
3388
2917
1390
1160
2340
4169
2045
3890
56498
1697
2881
2648
10147
6348
5130
23533
1140
379
197
28871
5771
1036
7229
8515
1350
27142
112284
523
65616
8691
22763
15424
5155
1675
22894
1085
94
4371
35955
36591
320613
19402
15733
3649
7205
3873
1969
30319
17375
142388
2768
1802
992
2529
48286
1307
9371
30143
52905
1023
638
2974
2025
1872
3480
32900
37160
153896
825116
50549
4555
615
24890
2365
1315
13250
1384
26796
17907
8344
19089
1542650
1752
1743
2966
4834
25083
89863
136488
45428
5635
30787
3167
4221
2675
2651
986
29635
64658
4302
938
5875
27377
1687
1834
528
233
21202
5918
4373
3837
3605
4015
3987
654
28125
7221
168169
376670
2180
2370
1989
53128
684
8292
28310
2152
755285
6200
2851
2095
2722
19691
93570
93649
27969
6052
86241
492
13157
11360
1762
47257
24530
12913
13597
30040
84
20327
1410
4144
10847
691
64297
23351
73087
10656
14708
320145
3921
37138
57659
58891
2287
31742
18371
1474
2832
60706
73760
821
475
43027
3042
82025
77543
7418
14980
24746
13952
4477
4498
2396
2121
78740
2656
845
36289
7726
96045
55554
1295
2156
1692
201878
3162
97294
45649
25942
43661
39709
232277
2204
932
548
587
13783
7526
263
1795
13374
14061
4299
4523
66959
703678
31029
21058
17945
1535
110192
69057
50052
122569
37622
57777
180756
28785
16982
6518
5244
102647
46189
56855
29546
30293
20822
13452
6193
1626
17601
68339
56519
48536
56930
6001
6472
3219
1896
32234
28905
24247
27986
23862
57262
132365
587
611
2833
5094
2109
1183
34966
22356
31333
22981
24623
960
4757
2795
3817
22166
1767
2172
50208
29452
23305
43602
886
1050
2545
168924
8558
11551
52095
18561
4432
1066
81229
34833
24494
158468
539
53992
5121
3455
4585
2890
12748
23909
189591
13033
15741
116750
3903
2633
33001
25127
69487
5791
64731
1510
5395
17644
3235
32864
68741
63700
17821
3785
112208
73448
21217
11136
3522
3357
46121
53051
33289
42511
15485
55194
3012
1294
563129
63275
23981
45366
135779
51115
42053
94090
31743
312
4060
3936
2835
24419
27014
23157
3129
84940
19252
3255
49739
71836
61535
36987
39476
10605
7277
36530
2072
31185
46935
2159
2095
3025
33491
649
3615
4683
31166
107332
25978
3110
5424
115831
8151
65299
65103
630
2681
2370
29880
163620
3461
500
320
12584
1871
1896
4888
2734
218707
78181
15760
4737
16327
1232
2591
97135
49066
22837
26788
878
3064
17602
1536
13689
2069
39337
4846
229
5133
13896
40055
2850
1687
1358
53087
152533
86426
2935
569
4162
8315
1386
2518
2235
58761
129284
22951
113126
2987
7451
5325
7633
2642
1026
16644
51345
55435
27336
13894
213690
107
17988
21753
18818
16648
1306
3625
795
37531
13573
13442
15195
261827
129866
43264
16346
11190
1577
16964
4943
54309
7057
2947
1411
39992
198373
5572
7858
43587
2566
2373
2572
918
24464
1713
5544
3188
36840
20530
86753
2534
2036
7867
1012
1701
2405
2328
6000
2262
55563
364
13118
2336513
2495
94270
366660
19820
10479
2685
3169
1268
10197
2442
1222
2713
248662
9205
129213
41848
54281
564
1204
14811
7731
2499
1182
1858
1819
2884
34335
81057
127550
13630
10754
19106
7955
194
3269
1192
1805
1749
13665
22417
37431
3989
27562
82487
22942
108389
142202
71899
336
8400
9739
2338
56604
92671
708
6026
137960
95888
3379
682
3208
9583
4750
1708
1365
7822
164207
60349
1237
10132
3668
5085
7379
1394
170924
28596
29335
27552
186727
1301
6517
62290
18368
9724
5232
81151
1349
13028
8089
2784
1502
7003
8387
9519
18131
55978
171
1654
220937
284052
29285
34552
41276
24351
15048
16276
243
560
1191
18257
4335
5820
1846
67595
3176
13153
98280
19129
3801
1489
191712
46309
28814
22194
12766
98577
265
20548
29408
188108
113670
206188
480
789
66969
1046
991
1574
1089
13334
45167
116626
83071
70379
61057
39511
712
1846
13841
2472
1940
130613
129625
59917
1283103
246
1567
84993
29627
53268
250
2011
2710
1818
192381
108196
50291
11345
126455
2474
604
1193
929
656
5785
13999
9367
7749
1285
2918
2563
5810
1060
153234
45534
150890
91
1049
7074
3785
9620
2742
301283
52529
559
1601647
77870
26621
52061
10717
2989
3382
9459
148116
165134
105684
110693
206629
13698
45857
303485
28017
3463
30900
49426
191290
76275
40516
263600
22386
1920
535
13859
5704
2846
4651
1139
1238
972
28137
81729
27586
10079
13244
44556
103493
229246
237382
5857
1977
26376
4012
3194
30326
146178
282737
114809
90724
30174
240
5214
7921
1783
4976
1743
6588
1144
1512
37835
178884
383082
79678
131095
9171
6879
270050
3092290
155257
700
10957
249192
90257
6093
2824
3498
2022
2896
20718
81676
172232
26899
38577
7474
997
10005
12246
7567
2364
1735
93448
11585
1121
50478
8662
3792
62006
59797
524610
49688
20921
52773
28330
27044
17818
7642
8640
8455
416991
123210
24856
147260
18235
138826
430
4143
5314
976
1423
1209
1551
1496
60894
44987
7489
495
1184
12094
6780
3608
4517
6772
1549
72966
1970
100051
78966
253967
45268
2232
4441
7924
31314
96472
218058
157278
41307
29762
1129
50295
92830
131454
1325
736
12122
17196
3827
3576
3411
2324
62763
7397
3489
6288
1461
1588
64142
122713
7294
375
7721
6481
1133
125498
1294
1478
12500
180
4027
4040
933
1901
26389
796
7622
3391
1500
10391
50568
225
353
2208
15577
14374
4387
144173
11748
1146
2996
3812
9792
834037
125998
5712
1991
1285
5966
4013
2385
1268
1285
962
2452
2087
246723
148449
14329
267354
264816
6798
9595
364
829
7085
9087
7948
3161
4658
2803
3456
1654
2766
1912
34486
8238
103
16979
7291
8055
3438
3792
974
118892
12676
10896
3782
948
81
501
2159
3560
5132
1778
2946
27156
1087
1922
109
431
12193
1236
1914
9016
22170
18815
1873
6832
2263
110295
223562
1187
418
528
1110
24776
1953
1704
76688
32808
58709
2245
8940
4375
3524
4277
183497
52970
335
29852
220166
3760
399
474
723
12137
9466
6799
2767
4168
1956
1628
1018
4249
407
661
9149
10433
3988
1915
4885
6389
4156
2188
265447
183
220
456
492727
7717
163
17307
29889
1974
3207
2144
