10533
7279
230
253
2121
134
1119
1891
1014
11585
894
9644
169
64
199
16004
10799
569
43391
4622
3344
8802
3023
198373
141
242911
1988
17560
462
3250
3487
6427
202
159
13391
20556
3537
2154
1831
10088
2937
406
217916
8091
812
148
11593
954
443
509
16470
639
2095
1279
1300
143
3334
1333
1760
20429
16541
1779
8955
1142
10698
938
3252
159
25661
3264
25
1428
450
146
53112
10414
407
99
245
2249
38961
17600
2188
1061
324
416
30270
1850
25329
22693
25739
3747
88121
1184
6093
9229
19329
4282
1523
736
3522
159
1445
2698
618
619
1373
582
45
1371
28596
2414
1764
13036
194
13547
2390
7370
7236
12748
5582
268
35
21281
7418
6360
341
1691
2476
2046
298
53039
143
11743
1687
5973
460
12405
3555
41116
243
268
531
21325
1312
30293
21881
50241
21679
4677
441
259
96
3164
967
26083
32339
19415
44556
12182
19041
14495
7850
13901
906
3327
1537
1489
1658
14511
1312
157
39709
800
24328
12725
317
963
572
119945
1096
63058
14909
405
960
1218
482269
2057
230
222693
3477
56921
90196
1946
2876
13366
1642
152533
1229
2431
29546
199
625
416
346712
1198
3552
2482
342
10319
20825
519
27491
94
29081
4574
3116
2768
4130
204
1565
1591
55166
1493
405
17988
1247
610
498
15111
610
409
852
60
2143
3989
146160
447
4950
22660
1488
2293
2928
333388
87
140
1248
130613
2186
1589
214
14708
20695
2385
322
7304
135
95061
11675
9435
2534
9205
32313
467
15755
1634
472
3855
240
2002
43080
5781
1631
2306
2721
17818
580
6553
906
13121
37791
1209
97
108
122381
36289
544
229
203232
57734
2144
385
337
11910
278
2535
97
3594
542
154
865
529
41897
1138
1768
212
352
41
259
3479
5818
390
462
1005
15376
40696
3058
14462
418
24206
12150
336
3650
3816
418
1397
26252
2074
86
1574
355
24912
122713
16335
4972
5971
19848
3636
1182
38747
31938
5459
291832
26118
1104
2323
43603
2516
501
3569250
1141
14663
46153
453
6965
277
34783
469
383
1158
346
2935
22539
48154
25794
1553
79
125
94
3597
8864
2102
8765
534
3403
2084
3903
12748
3710
18778
190
4109
20881
17683
16810
11929
4043
10475
3072
435
3170
181
308
20508
5632
2863
26511
1042
101625
138
977
997
1338
33100
1619
339
2152
671
4835
470
516
8755
329
383
221
20664
58440
377
676
13796
187
334128
3798
22356
38888
1979
1459
309
178
239
15074
422
492
48720
3058
10620
1546
344
119
373203
4371
1660
32312
26286
1841
1257
13140
98
5858
224829
24461
53
40516
566
10334
534
681
115
134061
30174
5873
75270
320145
213
2512
133
466
98719
4152
6959
556
456
603
979
249
754
2889
4422
1658
49531
14624
162091
7783
410
13722
266
5610
234824
45318
126
192
39
38443
116
106901
803
767
1164
6629
610
9367
4169
8644
11758
300
185
33162
270
26
15672
8407
76023
2787
113
3659
729
270
1233
2174
823
616438
63275
14436
1955
1490
939
19705
20921
77
2805
174
273219
17033
155267
6537
4938
43896
564
1376
29146
1050
10993
122569
12584
131
60455
10147
218
32792
18066
603
85182
624
3572
75126
327
3304
33873
972
15496
614
1710
4212
2629
196
4062
163
4335
1288
23049
8497
5002
4719
814
425
6987
15321
30051
222453
296
153563
650
95
15577
1113
917
16323
3756
4857
1741
105792
2238
34
502
3385
173
118659
7268
2172
125498
1003
2034
254
105
1853
107332
11517
5732
212
4792
491
3162
19160
780
5696
4185
163
2963
988
1058
1494
14792
72734
558
25
880
860
173
3103
3266
2829
1922
3357
344917
291
580
22522
587
6385
1724
104
3228
24925
110
43664
816
876
104
5860
1324
156598
718
799
27
2889
10332
31154
2011
690
9914
49959
1467
4411
41561
7226
80180
81165
862
1076
29
1293
438
2972
485
1058
490
503
1747
26409
14139
249
1164
2751
16644
2019
8530
234
2188
184
770
1064
23
2263
768
32891
104
748
456
623
7020
9215
893
8333
29753
2839
7191
53087
756
7254
26376
658
10956
1166
68916
431
2287
15904
95
29921
8
3993
263600
126
317
25046
270
348
7278
827
71
7633
986
1500
692
223
148
528
1160
910
414
1017
187
1474
431
1321
1789
308
2631
13129
448
21548
450
53706
50860
425
4201
15245
2166
485
496
2457
39992
27580
281
114578
249
6437
603
2356
25921
6795
5201
472
3135
1923
1082
1852
15255
2812
1571
12327
443
93
462
825
872
515
5093
156
15925
535961
110075
106
6193
1052
324
630
25625
17874
216
9292
141
338
36591
3754
63454
1336
13036
13591
16012
1358
1751
436
1334
218
1301
16433
1791
755
79678
1978
234
138572
3210
822
1240
22790
17961
139
3463
6427
1487
11779
393
3534
23566
1644
36
2286
19001
3733
378
2309
186
22894
148
1444
8776
1143
1030
19807
105
5072
2373
78
12766
21581
1625
1408
11544
3783
26060
13072
15427
9176
2327
1544
764
497
375
5164
733
143
94093
1059
21344
3109
2945
879
8400
2928
249192
2090
108098
4504
96
2073
2929
29977
32808
391
230
2025
6314
43383
396
536
923
33755
2091
295
4471
3356
17598
485
1942
10687
754
7699
3914
2163
1410
12016
20689
1428
53622
456
4385
636
2485
530
2085
2098
341
25979
540
105
4667
644
850
2625
9907
338
4222
313
349
661
253
1471
139
94
3440
24977
1223
387
1142
33929
52
4077
411
8887
87
3676
227
218
4869
271
22743
4361
99
18837
1026
2508
24494
32366
279411
1536
317
268
21230
1193
152
31375
110202
1656
187317
14340
60
35516
479
65103
192
2518
97135
99
2089
3942
1734
217
267
3403
212
131
31743
391
1193
2050
213
8864
65450
523
40053
18818
14921
1262
31576
102
155
5874
14491
8455
3004
2282
14036
15363
12296
440
26884
622
42073
109
2956
586
14671
1397
19250
290
18085
582
10012
3863
256
1806
5976
21058
32927
1242
6995
23862
646
37138
2606
2527
325
1495
606
559
11811
9133
2710
185
114
671
14857
1167
1783
3188
457
1794
180
236
93339
3391
5240
564
77543
660
755
10451
2208
1903
342
291
991
1854
993
331471
10273
10222
463
93
962
144
2823
18609
2385
172232
1965
17194
4608
149
290
1456
61413
685
210
1665
1499
3184
12417
2124
44944
490
42
26126
50208
98727
218707
668
62726
10622
160
174
63
3188
729
753
1365
50802
7179
730
70797
13297
1912
1767
6649
103
1182
10952
77106
13158
1509
16900
864
1751
331
2328
1239479
15
6601
722
1378
712
13780
92
309
1567
89598
109
363
1838
13603
33359
1330
111548
666
16455
19002
1527
21005
4577
27557
2252
608
19964
38577
3836
19767
2796
6941
88049
805
23108
24379
46811
3801
1152
34653
8993
58
98
831
19160
8353
22953
24642
4421
1245
4976
19856
3161
959
15459
285
255
54327
1582
5875
7585
22866
755
307643
9182
253
63217
7059
22565
578797
39822
1384
666
1930
26546
1733
2674
217
2817
1374
96
6071
525
28091
746
14543
17355
352
287
9371
1372
1119
60706
638
433
1515
9861
1141
573
110
3771
5896
3543
683
98
33230
9545
498
9886
4169
748
3128
4069
1638
822
1608
4076
1559
2622
7935
14255
1182
2633
212
1923
4252
495
689
197
7971
35
6068
230
558
145652
4834
88
3666
535
266
137
16804
634
4214
4394
1740
1326
34486
96472
1233
2211
1406
6150
13783
1396
4369
19321
19385
19370
4769
5235
32152
5433
161
23115
15396
34552
5511
5382
491
1307
515
6131
521
625
793
1803
1315
294
805
17574
283803
2309
2201
1801
937
656
19062
40268
1295
4976
2935
1914
2818
136949
1479
27586
10372
742
318
94518
2254
44340
299
516
220
328
52
36
8171
22267
983
15920
434
343
19403
180
597
1456
1753
157278
1543
1570
7489
25452
3941
158
1421
167
172
469
13
1199
62878
50839
544
1703
126
14958
5601
3424
266
570
3292
56496
814
1646
27333
118
515
872
2373
2681
2479
5151
6832
13291
2929
72
686
27796
53819
105384
1765
153896
3351
1516422
5254
520
607
46285
164
315
4348
2518
26899
173
941
1362
714
10743
137
14264
9706
4393
71836
17524
23531
362
121
112208
278
1019
2204
520
1518
6229
50828
64570
262
8297
5444
6348
136
475
11895
47911
690
64
26812
2329
5471
27156
2013
20226
6167
142190
613
226
110363
15969
246
1728
1849
150
1803
16530
21374
3731
2204
6840
445
441
151
295
593
7858
311
16334
4549
802
951
580
201
95820
12634
161
7418
460
5386
383
627
1143
54309
4789
835
4583
54785
26228
166
37608
272
851
2269
1565
238
2949118
2336513
213
222
617
110834
1644
30352
131454
18599
6453
3656
324
5232
50
932
184
310
384
7084
879
368
373
3966
1906
12692
2217
15424
780
492
17112
1607
752
50691
367
5445
783
19303
525
3071
7642
447
1168
237382
27142
3340
27531
3912
4757
1180
161
328
268951
272
289
37625
9590
28814
106319
11479
388
23912
3844
22412
32070
15642
1290
381
391
108389
16040
8760
940
149
62068
116860
1906
2966
8815
5635
7822
12552
232
200
2525
4448
87567
282
143
16382
77185
73095
877
572
1539
5097
657
961
126667
821
59312
375
869
7824
6171
2920
166
1920
7745
1179
22981
1364
20777
15996
5810
2749
3622
937
1774
53364
145365
1527
1699
1064
73087
273
2024
367
2232
180756
830
178637
692
680
13316
11294
487
392
1164
9007
251
11078
4658
1329
5656
478
29714
3006
8315
348
15446
2108
14095
109
54784
1831
1421240
7410
340
1078
1749
1105
23661
9273
865
86753
539
3773
204
1165
2474
27236
9149
19979
150890
2910
1508
2233
44597
932287
609
200
34299
98859
751
825116
4846
2938
1421
860
26281
1012
54
316
3173
19088
1265
264
181
422
131902
1270
318
329
402
1639
11056
746
2679
121
1433
4509
1277
1970
1382
137
10200
1849
23754
7201
127
109215
14862
608
488
3233
61181
11013
1259
280
166
15844
1503
768
10404
13036
676
1015
3438
294
127
298
99868
1749
538
176
749
1268
3785
864
4520
2656
9064
326
316
247
476
61916
1755
11365
1708
110819
2057
859
4177
2824
1476
15413
15485
1478
1524
604
121
2572
5424
1950
805
55
535
16979
46935
21855
2618
98
167
4841
11051
9772
789
43888
3957
90293
14212
4406
703
2188
2616
1451
1208
1038
3792
47789
36179
113
1270
212
22
705
13062
584
2833
161401
206
2566
10408
243
3792
18557
13554
748
486
48536
392
2299
3498
1347
2372
1998
33560
927
691
9134
2987
43301
3411
307
4009
320613
14845
837
309
92
1526
109
87
473
1104
6857
465
118229
27677
291
185
117582
191
54357
46189
9372
962
438
3430
3051
475
269
227
507
1765
1239
780
4148
33200
87
413
84519
340
2676
4106
37055
3419
398
274
976
2225
27009
7658
703
6071
32726
28330
2338
49147
2770
9732
4919
196
1415
1601647
649
4264
12044
41307
1770
224
303
8624
728
1535
8087
1095
874
3443
9834
974
523
961
2226
12372
6470
1023
364
273
252
516
6335
21561
152
1485
2536
14945
228
4130
190
681
79054
24991
2589
145
86772
2035
609
1275
125998
304
14905
2941
704
2463
605
859
4813
1339
85155
5161
63
2674
351
1081
348
110870
13698
1160
9449
3189
146
3269
10656
8314
1681
10550
85171
655
24164
6299
26501
15717
6014
29565
201
1502
657
737
14570
207
100
6518
2153
216
19916
64142
1291
251
391
394
477
571
279
1804
1565
1052
1674
1226
10541
11128
1991
8989
27520
961
44537
51345
4359
238
2440
468
956
3466
2867
485
709
2144
202
716
1026
946
1082
349965
216
450
4524
2036
560
4248
15136
197
167720
11050
217
11672
336
21334
11747
1704
6245
3987
133
33332
598
15187
3480
252
2014
939
1016
1395
4158
84993
3609
27336
138
394
1453
76241
145759
677
610
1271
4577
6074
265027
13925
36879
349
8689
340
30114
36932
24276
13460
1497
101
383082
1695
54073
500
47483
3492
646
128612
1498
123
5496
308
110
80
609
2924
7986
20327
2940
794
1140
1616
416991
11748
12139
784
746
212
3320
1153
27755
434
1849
1549
2452
30420
654
173
5543
2235
118215
21445
55435
28167
159
5908
395
2914
3662
11190
5132
2505980
425
931
280
630
1794
1422
4603
1102
290
20217
7154
228
690
138
240
3506197
727
486855
484
3409
570
1728
263
116927
221
325
3560
214864
7658
3980
674
2670
33694
14891
1326
5773
260
180
2971
1061
10869
400
615
523
21062
180
293
2357
108
748
410
218
2437
1931
1572
5643
1287
2947
1753
114809
3522
1795
95
4442
757
758
7272
8701
3172
3148
5862
12557
66759
20218
141
870
27097
945
930
682
29097
576
16768
1951
4168
77442
11858
89
649
48478
291
217
873
4300
9459
204
747
12794
2491
677
1006
229246
773
3411
35387
19052
29285
37157
204
45813
4395
215
502
838
118
1300
7153
2477
14842
324
17405
2459
202766
8320
1205
23701
247
239
143626
47392
15416
189
524610
17341
130892
5082
6197
693
14595
191
647
13334
706
277
10391
579
23280
2873
1659
475
2375
359
1199
220166
40148
7256
4775
364
57156
23054
1027
8225
992
308
388
346
949
1059
17241
1065
9609
1905
277
869
21891
1504
56519
31854
126572
1209
355
726
498
336
1998
192381
297
148
8497
3265
3420
265
53268
2320
18815
110693
60146
17356
3305
685
1130
116
6771
8572
1595
19326
21706
45857
855
108
554
10159
357
98280
383
7934
17662
109884
1135
6140
46634
80512
594
1158
187
32051
735
28979
1393
246
557
20461
350
1511
1577173
430
29926
1051
502
2040
739
549
1122
31835
7310
519
25231
28940
78
3766
1018
16446
2997
762
2407
404
1413
4516
394
506
809
280
950
123
752
1940
1753
133449
1692
62290
11016
495
79
3988
1640
1474
2256
13371
1067
371
2795
3690
693
402
481
1944
47
356
7059
1546
4565
2151
295
515
766
10845
1088
487
993
9997
16738
3921
13410
38246
17519
127
3800
9474
241
1480
2758
191290
85
711
702
331
8957
197
29408
270
1433
20662
5817
480
501
388
745535
418
9246
14488
19895
11591
156
47257
14433
484
530
2365
16982
1350
191
448
25091
635
15566
1859
10850
22334
171
1211
13859
338
998
98321
615
5520
13007
301283
3184
9849
13927
40594
2346
268
1069
986
1073
241
329
344564
246723
2617
894
11477
503972
317
4303
5712
4856
37000
20258
8578
1069
83593
493
372
1250
16500
2456
272
2630
10929
15063
105684
31650
17
4249
932
190
2340
811
311
374
58
1866
2938
14779
888
829
435
1559
7720
94
492
2779
2229
1115
41848
1909
13863
901
3038
3114
5736
35727
51969
4212
1144
682
310
7061
1628
125
41310
11373
75
6657
4035
3123
331754
1469
91844
1250
3204
171772
26163
1477
12122
5020
281049
7376
15328
20864
46210
5959
6411
28
4196
38365
3584
38281
3036
5298
4670
105
3126
481
158
2396
247843
24982
39409
1791
759
490
3105
592
1770
11189
564
18320
1936
3721697
12627
233
6014
58
43237
24104
44617
598
59
15195
237
5131
2287
580
963
7277
9851
7498
110833
3687
77870
23602
11098
185
6077
1566
78
124
1238
1085
13139
37431
19418
4334
12165
674
126925
13076
3852
1127
245
1209
225
12950
246771
1407
2509
1691
181
5718
501
975
79696
21664
1590
587
267
1705
5130
333557
23334
6412
1446
8462
4783
918
12019
883
43021
29
6726
468
1938
130654
1308
304
1422
39840
26505
8324
4684
5065
1372
171
2326
59928
1851
559
508
204
3286
4118
330
17271
353
3821
377
306100
3523
12256
13210
22838
2188
7358
3135
329
1153
1386
3214
61364
44
333
565
6965
1446
20989
12120
1217
1682
3203
2206
37642
4521
6812
29103
20194
3036
351
852
179
7186
1316
1122
1663
1017
402
1393
9023
6259
12275
5120
67
6332
4617
152
9948
14352
13227
1002
5948
9411
70042
676
5164
878
190749
13007
534
2159
191712
440
120782
1994
205
1650
43027
550
336
1360
66940
10603
1843
30143
623
19820
7598
854
2911
649
124905
731
28082
1543
172810
590
5003
647
867
520
312
3046
103
656
1296
3558
336583
2722
10756
265
75486
302
243
171
45853
22093
7277
29961
691
36
712
147
788
966
1110
3563
13674
4211
6240
654
2159
1213
140
525
5181
62211
10086
91
3545
367
525
3089
383
1614519
8238
15066
228
183
14583
415
486461
69487
1479
592
1019
16708
350
79822
444
283
8489
261
7057
1126
108196
1878
104
54
1133
74
1802
22089
407
39984
886
30661
4242
351
1247
17213
656
1277
359
622
74747
4323
1266
552
7773
963
136488
13649
28747
15105
2404
16484
3543
1998
3249
12935
38812
309
1485
3998
110
24063
6288
20404
194306
1449
6909
1704
23441
1030
672
152975
712
29608
113
28821
11323
2698
548
299
464
326
453
273
1799
131281
9543
20578
1590
104
13244
4714
98409
876
1477
2501
2453
7633
203
28220
2767
14012
116
19129
2318
5432
4520
28871
1436
11938
6729
10669
577
13952
940
1106
18735
437
538
11687
1496
1074
87087
592
2562
105698
32906
1334
87952
1026
4340
60891
15
5417
21049
2474
92
881
247
160
337
321
2623
12138
5116
16327
20
32989
2980
250
5033
2326
3611
132778
137
249
43602
3973
66950
663
31232
3776
117
577
647
78740
283236
68
4624
15784
405
109739
2592
2948
1078
1411
7814
14187
170
985
30995
27303
712
39615
528
652
1160
5522
1289
636
31690
7304
1508
81241
26268
21575
584
18363
47285
65945
36937
2678
573
5281
50
1924
1411
1626
138
14952
765
293
601
597
4717
493
19617
914
22795
6672
797
29812
679
10852
721
48976
2751
1268
90
123
18561
941
3878
1276
2087
266
45295
492377
633
1320
690
661
4943
1592
1294
35112
34360
4521
656
36796
138
15574
1007
4025
1533
5035
709
2786
1244
487
12978
27390
127
9975
1157
371
2658
4404
1053
3809
11
26001
1281
3638
331
1578
81
3092290
190
202
80
13082
8
266254
246
558
2605
28310
689
376
463
558
615
102381
116626
3725
1468
216
119
2329
4919
2742
824
50673
10261
1417
6587
1196
198211
93448
1750
2738
566
71
183
118582
28
2938
2284
216
973
3890
116
22731
86426
19950
2431
236
20087
21674
995
28466
3543
18239
9286
131
2734
7617
24464
1805
770
106453
25291
952
1971
121
1894
700
338
1256
11188
4885
113
48
39999
8055
1984
1651
8515
150583
3318
234
113
3909
965
263
36948
472
1875
358
134
3849
8911
123
1285
2846
496
213223
6743
623
49048
325
365
1052
322
5800
214
1907
14210
71
3936
38815
488
3890
2268
16028
664
1180
1593
1525
3730
482
23066
1195
126
1358
138
17284
1125
27044
381
1038
1897
48025
761
14770
946
2368
31660
769
22763
646
606
698
806
13845
1414
39824
95
7562
914
43222
43134
636
8811
79
27491
84619
13665
105850
2501
1834
3379
7244
47568
271
387
10384
7020
3661
3119
34335
1241
3382
260
7667
3315
4302
1128
13374
225
814
18705
293
877
327
134
1523
2063
148
738
6971
779
49900
176
732
694
5256
6227299
27
1187
9016
64418
309
1110
367992
2328
289
37367
2226
69
52
3824
70
1281
4509
2064
18493
1151
23144
6321
223488
767
1389
47399
1448
15403
2884
3470
260
13703
345
2627
19691
16894
829
14806
2560
5414
73
8424
168
1738
11121
3584
5591
645
3225
960
160114
458
359
4023
293
128386
807
838
2863
797
345
16824
55
29
863
4266
31742
725
2655
1517
512
55929
112713
61625
211
877
503
1280
171
21931
1353
560
7948
8040
11338
657
442
12186
62763
29310
4721
1654
839
1184
92
31333
771
528
1757
529
85
441
45428
523
2476
2976
1302
6466
4267
702
528
7096
8270
47011
6817
565
30900
76423
6113
194
359
23100
1146
1896
1697
1669
58709
266
250921
1317
411
18869
726
38200
4328
9421
244
709
1587
398
1622
2811
56813
22378
546
489
222
25127
378
838
1236
97984
189
505
388
316
53660
19535
565
120
347
1730
49949
2090
85661
3080
2682
1492
13768
1127
1064
10158
8693
721
83852
795
67852
72764
1969
417
1198
80245
790
263
5742
13241
4041
50491
1192
24494
232
1034
667
15462
784
392
574
226
25406
15316
453
1389
20080
239
267
1657
248662
247
4416
14313
407395
526
181
5713
4609
10147
192
3194
343
30326
801
17349
6021
12
94270
20548
3910
1306
979
870
29880
43994
238393
407
12343
566
13630
160
822
86
587
592
179478
1267
799
3808
1697
1299
917
335
10796
1117
7496
6200
3443
3082
378
39140
7221
142202
69290
2107
548
920
24623
224
508
295
1713
656
3989
290
133602
2798
3125
1680
5629
2335
1450
4244
1708
1846
34200
50
3516
17261
6306
11082
56
112
3676
3033
13883
4921
13743
751
483
1536
12621
2243
3231
1882
457
15186
3189
10094
196
1709
117
2851
35050
2719
10769
48216
2365
21
44654
12175
26691
33264
16273
9294
2978
2211
56196
1743
153400
267
2556
2478
13931
7149
133760
898
621
15760
1342
780
8940
1417
91
10190
1597
2460
3622
241
77515
1218
9215
1616
3973
67
7895
292
3570
2088
702
809
7976
172
796
17258
39012
115094
2007
9199
153804
1085
186
18362
220
5966
1682
788
891
3205
1992
5387
82487
10712
23909
152
11438
209
3817
871
1985
3182
10980
4716
1007
10320
43165
456
526
437
246
16107
539792
54
1763
12615
2576
2436
3897
1787455
35445
417
2921
534
1850
4847
1027
485
6178
2433
39667
1488
4684
3072
23981
59917
121433
1427
95
14381
13090
617
767
43807
4156
189405
782
1087070
4711
49355
5721
218058
3736
268
20205
8471
611
3785
152
3814
28970
833
991
1881
289
6052
2184
461
2929
1086
14329
232
7080
1676
40283
658
1209
77631
237056
6325
708
389
42102
6750
4682
428
11728
386
4683
350
808
4229
16688
908
1457
63665
2812
3701
211
1552
16157
1204
2896
2685
331
1029
95
461
17100
557
1093
1981
50052
394
11617
254
1162
20337
3702
944
1874
21837
432
3972
43981
10777
605
800
110192
1078
472
3900
12137
5130
922
839
857
116
316
200
835
273
12245
2805
387
1970
82323
10832
838
561
5440
35855
364
156829
84568
1182
53051
71194
11132
568
9008
342422
669
12309
1859
735
892
1027
92
925
506
7068
199079
22036
34171
1858
1028
4582
16557
1270
616
172
1034
1234
1893
29951
178913
983
1285
729
137
779
973
2880
1588
66969
2126
1323
98983
24530
13648
3608
3561
21825
838
159
1005
1237
620
129213
437
1694484
3883
732
9594
29966
32067
1829
4517
2954
2046
7631
500
222
548
1936
348
655
13479
675
17577
27562
377
759780
3268
13815
327
1001
39968
7772
174880
3603
1833
2369
276
826
49426
739
549
2082
1814
141
1164
6613
2779
1816
3036
874
10158
131
15887
9583
30337
521
463
136096
1846
400
14024
51777
23464
145
1240
12943
2405
16342
1921
597
2124
206
512
18368
23815
577
24274
9891
852
3281
46716
2814
845
830
112
7083
1920
209
9821
2142
1466
346
6333
1154
1460
19728
1011
2944
1487
1437
4988
405
2490
3737
133
1094
143
12960
859
4941
2330
3912
1034
2487
7010
85920
42053
712
4491
423
2177
459
1755146
334
2969
15484
756
1123
32601
134178
108
2731
1394
2515
106
2918
231
2081
56770
2299
441938
786
111839
13896
28
4962
132
255
712
2086
490
49651
211812
10322
50
240
3598
70
211
7568
5355
2890
30911
487
23730
96292
17362
30663
111147
1087
600
5345
1873
238
3012
7717
5429
44423
4753
39498
917
1565
323
433
26003
339
39044
12463
682
13894
477
76
250
4048
615
1585
13726
206629
9520
267
3449
113670
4410
37589
24238
35724
98
206
18944
14329
264816
25181
2713
4169
179097
206
5388
8439
21
6472
19327
246
75797
306735
480
3356
834956
5094
1508
13376
30452
648
718
47690
1096
53665
33727
26495
448
956
174
2758
1844
47768
2513
1303
77234
290
758
10500
13082
80806
6933
66
8825
394
855
38440
19106
1074
15969
37525
2044
1390
137966
161
28481
396
87
635
648
18821
365063
14824
5070
8460
4094
511
2064
1146301
2169
30419
1012
1111
34
522403
944
2766
392
76791
1495
1881
18235
5689
7852
16937
2849
72
57701
25314
357
1365
230937
4200
153
425
948
496
523
558
1871073
6557
683
918
963
480
13597
4497
2471
1110
2622
399
5425
71450
2237
204
109
4448
27986
312
406
14628
7756
14897
138826
142
516
30140
8664
3322
4806
32864
775
1542650
13213
1752
10232
2710
2419
192
690
98577
13661
2738
27009
1479
177
57795
659
1835
177
939
9638
11682
284052
3664
332
750
722
12826
20718
967
34
3852
1342
335860
812
1704
795
8662
15878
249
887444
1066
1379
10907
54
9889
31029
776
217
8088
1944
162
23137
318
22755
20272
470
18555
7379
100
3729
134
329
1769
190993
4352
7056
3598
3969
4911
1598
4988
749
508
10935
1339
61
1678
70740
41288
139241
5191
27957
8357
1868
11981
32560
661
69555
3786
70
844
313
148
2924
712
20272
4114
638
663
220
1882
14811
289486
41
608
36921
8593
74
1060
7898
3579
3770
582
8695
14720
5155
15683
381
1078
21783
240
94
7083
1462
24604
155
469
741
14187
28922
463
644
6051
7226
923
467
605
567
28357
11228
2754
244
23943
392
4400
27698
613
494
120
32
212
921
1033
64
13
430
419
884
958
112
88012
8
13438
829
282
848
41121
4919
1030
25554
2504
209616
2156
4310
244
262
472
36679
186727
9057
5670
3325
5182
263
2141
3841
1764
381
147
58
319
960
3141
319
99
50549
1519
169597
148
226
6772
195
739
1945
14505
620
28391
16687
3653
16978
9530
117541
2506
667
17485
932
7208
6021
5600
12584
2495
24262
26110
8867
378
164
959
891573
14453
49739
1156
1662
57659
684
9117
2822
13183
443
2351
8103
725
400
739897
2203
2978
368
25808
97583
1524
323
473
33288
2854
136100
1496
2602
9279
5771
39337
447
493
108
155
86578
1128
2887
4162
2328
1855
931
404
111
1493
26273
192
60538
55
212689
62291
320
5936
6026
366660
1176
270
27199
727
7976
72339
78804
12700
4150
4125
33001
1371
2642
319
3321
216
3095
2611
8947
408
5791
2045
255
396
296
487
608
1213
690
1503
16412
101
9251
9165
585
135
1294
311
2636
36814
17
304
693
21474
19858
155145
733
7475
379
1426
31277
1882
2022
1279
670
33014
414
8117
4737
201
16724
837
4914
643
3864
24372
5139
468
8242
297
64558
517
456
247220
1318
16079
1227
2110
45534
48
56458
355
9788
6955
612
18397
16648
319
914
171
605
761
4040
174
88360
274
331
6008
262
18252
163
320
1619
3610
491
4521
4837
5241
3419
1307
875
84940
217469
2004
6001
853
42409
5133
6775
5616
2709
190
227
742
598
532
102945
2247
16045
6961
1401
3610
389
1901
3290
6383
433
188
612
13118
699
1283103
233
205
1246
1699
5349
57262
3689
45649
949845
12813
3106
14553
1500
31567
11634
2909
4275
24622
590
200
21077
55554
783
3741
216
155
7796
363
2222
15168
26980
5957
2591
337
5315
2211
16274
1792
22837
3570
732
628
14138
1723
927
5809
8061
281
20
1239
948
693
120
2715
432
13387
26948
487
535
742
310
82
1058434
340
12094
988
24746
978
63220
128
33887
1635
5846
6427
4119
638
13275
85
2033
23774
37434
5899
613
1077
577
4527
142528
26542
280
3628
232
5864
8098
18247
3088
235
59
1334
1119
1591
1110
2103
929
210
13761
7954
19995
864
330
1731
4900
1986
326
6359
60
1320527
2186
645
11660
1061
196047
2665
577
425
72896
783
196
3109
1200
222
4339
106241
1221
710254
345
7914
241
95610
5820
1542
1084
3499
306124
1411
1982
4739
2544
16775
1858
406
2432
597
2308
16245
1052
258
1136
5244
209
44455
2739
2070
12622
5586
89065
826
193
4022
12310
3611
26833
16982
1683
2534
4896
6862
23351
666
60894
10524
860
130
592
1038
444
28785
92
272
46728
2887
192
4606
1234
847
10264
819
356
1204
23294
2498
1512
305
56498
14135
386
773
2183
396
3219
2172
543
17907
41142
7252
394
14140
779
12470
590
15543
421
25975
496
3516
11345
994
560
7731
1798
15211
27
3837
64492
1145
342
3172
27305
2270
1501
1111
911
1783
1000
1629
8110
318
563
405
1567
932
3028
1572
412
629
316
1267
73028
1396
379
2610
380
428
323
2922
9304
4546
781
2644
34571
26389
70484
1599
31771
388
504
488
213
1460
2051
67
1484
1483
7074
53992
87494
1386
2374
649
14590
5532
14218
256
162471
63625
10528
2086
3959
4375
795
8427
51
132365
13196
609
475
3466
19621
21736
7551
46119
258
15611
27839
128
576
250438
6801
741
2876
1524
1651
2035
819
923
74446
7804
26071
1896
205
299
31644
311
19239
17127
185
5774
29635
652
1685
10910
1956
717
6671
1454
34930
578
1426
3149
61265
39823
3207
791
434
34937
720
6943
4166
1187
399
481
1467
178
3094
1472
444
229
108
71
2216
3462
35121
1970
320
1080
194
25
17598
10336
291
756
129284
13093
1721
13477
8389
127074
843
17923
1609
14047
1520
1674
280
256
867
296
4766
758
52921
490
7474
1752
1051
28905
1914
39346
7942
1753
9947
1767
319
17307
2713
10385
356184
3399
1115
1701
54602
57114
33535
38024
703
204
1854
8155
996
1277
181
335777
2803
384
1461
397
1111824
3447
2715
2324
14452
692
1721
4122
435
42261
11358
55563
86
26640
16276
162
103
2709
1420
2451
2894
925
62946
1478
791
73448
156
13656
6523
1997
31713
3268
11749
913
95
1512
1281
44
6175
6681
462
38609
933
1856
8636
177
1209
1361
677
321
36
155
916
629
46536
176
232
400
1512
172752
1181
413
3121
847
821
213
697
13297
5339
16856
430
1066
1620
13999
209
49149
12290
98762
3445
3602
11033
4106
723
216
38546
50599
11622
18371
3064
4277
34387
11
376670
395
20227
2113
47926
391
2824
1059
1852
529
2041
180
258
902
246
24688
9989
1111505
69
1954
2451
3192
1083
52970
1229
2463782
484
81151
1331
253
334
592
12224
5369
3456
698
788
1954
1011
14754
455
20018
22644
3463
583237
5631
3605
228
709
73008
526
461
14545
1196
1824
5543
1590
2296
58
70379
1033
498
1211
490
15491
3518
1418
30004
1515
1218
977
331
15392
118892
1294
1651
26846
37363
21100
112154
13255
3944
1958
52773
1788
370
3477
36840
2618
157162
2307
32085
7647
2489
28125
4136
594
2370
3099
204
115831
826
408038
628
325
11211
130
25145
1354
74877
22166
2742
3039
126856
7170
298
2257
532
109
4347
282
1518
6125
109120
1038
2272
281
12138
223
17538
771
13504
233
8291
4137
772
85077
2648
9964
328
4271
15171
129643
8638
1926
18998
287
939
1600
2498
229156
1050
9519
2384
430
14379
26398
148
2602
996
1200
46
1241
322
31683
435
3238
923
687
75518
117576
15723
4580
469
1298
14146
4898
18390
395
2201
2997
15361
37531
3760
19812
81057
3026
141
78181
108394
5933
4898
1476
5365
1811
6885
1958
679
387
1846
1061
390
230
205
6588
87
26935
11461
2130
57777
30401
8781
68339
554
851
840
4144
15
1640
225
2767
1712
794
1054
4249
137960
1472
35955
3453
28915
1782
11330
1703
1168
1960
53409
3940
572
2244
5156
261
83
2278
9609
1076
2289
16339
72657
191
28633
30552
10073
237
577
17213
2159
3967
2172
3541
21908
249
2226
8140
369
1431
636
16543
60196
3392
29283
5205
217
1026
150286
27485
707
517
352
19596
829
44994
206
66350
490
531
358
1851
12943
1804
1260
1613
23189
1075
1032
27458
370
1039
5526
103577
613
40113
5565
11811
5572
22147
419
601
1430
247
15285
806
2539
1986
1345
472
12111
10823
10616
15115
439
44
503
5403
72375
6780
850
87361
29558
20612
339
308
73573
14457
8420
8004
444
2697
5323
548
269
13055
30040
210
290
17976
42511
945
8959
2015
22929
86098
94
7003
311
27827
2180
4753
387
23834
324
89863
916
248
2309
23584
793
1208
732
35342
127
13159
26796
8621
20180
377
3204
570
512
853
484
1660
6414
336806
1139
26235
2208
219
3279
5065
481
1432
1027
248
179283
365
51
2986
36970
447
977
7446
587
2815
11120
109
31591
1637
13788
600
14508
24139
48408
345
25361
2739
451
415537
1302
9190
10727
536
1777
16648
305
196
19851
502
1016
171
2457
10350
13310
111765
10230
757
190
4344
551
778
1519
139
182
1073
4356
902
490
33335
19124
1738
39502
428
10601
1274
89938
258
1747
242
893
24626
236694
260497
285
2344
2072
7
17711
265
1606
3873
1618
255338
48676
3633
1676
1212
64297
34311
61455
80
2516
1472
31579
626
19252
761
39134
622
785
366
2086
5572
20461
333
188108
142
2363
2322
13105
30
229
40413
299
492
2639
3763
245
2055
5122
681
272
98718
17375
1172
8940
4387
1019
31247
139370
171
237
2908
134
323
4677
632
4212
1176
2415
3229
105
18131
654
960
951
4941
1302
5139
15741
359
916
1745
137
3428
6428
626
8292
2188
7698
9497
907
5170
825
13452
37125
13666
18063
20127
13709
2904
11000
3802
2364
12530
1439
1132
4820
105
15892
215
3342
5395
1920
1025
238
177
453207
72929
202202
3447
28702
82
6401
256
6930
2231
7526
22745
4686
152
16956
263
29335
2101
1728
1055
23166
169
6000
619
52
781
6048
602
174645
13178
34914
295
849
1130
4881
21
2345
2132
2594
793
1192
3443
483
1608
179
4322
3678
29
11123
474
635
29
17196
3512
228
900
58011
261827
288
991
36887
2353
161270
5798
91
2361
35974
48759
167
740
249
4244
8103
407
8865
7975
476
1855
39511
1035
1701
2419
344
1299
376
1239
549
3042
212
2245
1650
4651
468
3110
1792
582
1100
3596
22809
14968
65616
1757
19389
6578
18038
13093
52320
380
153234
445
472
327
756
1205
598
147260
9261
239
135
110
131
13376
832
142
512155
13028
14474
8098
3531
1179
2790
6370
2700
16539
8751
3843
240272
55952
343
294
17602
1771
604
13515
3572
1182
474
2179
602
686
81531
2832
65
9032
708
2675
859
493
517
1017
19269
203
2764
171
684
299
283
6568
2474
1052
9831
5356
257
6866
1517
2877
716
11342
2881
5857
24806
257
907
497
344
608
5633
87914
9897
1349
1226
1579
17
6515
4523
61399
1045
10181
28735
23157
417
2093
3353
25
7733
22887
355
2321
283
182282
27915
129625
2697
1402
89554
2907
715
13928
77786
710
1308
7902540
2297
408
2467
479
2093
2485
8193
7953
6000
7584
2433
28442
808
45930
12532
2592
161
22386
5947
1115
7510
323
2933
235
4099
621
37653
20282
40078
3824
43195
10724
2676
192
157
3096
350
805
16521
468
2512
309
2307
338
1702
54
1640
24554
214
3673
1121
15548
624
941
482
3840
1827
5678
1013
184
1846
94090
37
10631
180
2198
545
2545
2110
3509
34910
1473
29926
344
1377
65735
110166
750
12247
1990
834
5113
1392
1756
49855
5314
2784
6728
20297
12322
172
604
3350
632
501
492727
1142
434
1885
1965
1873
21616
569
233
20362
2783
38766
1157
231
4124
1347
3021
32440
3380
30787
12274
820
465
339
1199
316
74
10144
827
7582
90
4130
2223
2219
3505
6245
13573
1044
11505
2848
54281
8538
15899
138
1588
817
12393
3380
12363
11217
15196
2146
13644
8313
19454
137
462
8641
12246
354603
1447
227
163
21144
5737
148
22
1917
900
2627
263
61535
19958
22374
617
1871
173
4541
1301
1420
1537
38454
578
3097
13273
12701
682
147
208
742
3984
15649
563
41492
381
129866
299
1166
21842
768
15322
19
21123
14180
808
1673
1066
1926
5622
13026
12696
1462
24419
21391
959
795
149
1002
6671
393
358
1797
64084
744
762
23
668
4015
10039
13643
3821
1755
8827
5625
1136
1463
2386
623
339
2249
2058
1063
298
1143
42364
1260
58453
16070
851
1665
40
34
34623
294
811
13757
770
1477
36189
16527
1231
4151
649
15733
29023
1081
47811
70683
2402
1160
172
621
2059
300
12652
2521
3724
991
622
1222
91
1268
692
963
8617
49603
875
1778
415
383
866
198478
5122
1736
1099
4790
320
1139
2069
46
40580
2642
21049
256
549
2602
7819
708
7567
32868
5504
3591
604
367
106
37311
4056
9409
3917
2095
13689
179398
5728
1185
93
319
2670
61819
777
597
269
1145
39023
819
439
3099
1207
231
81676
2980
811
784
96
77358
559
613
200
248
375
10608
820
28940
1884
194
11360
277
126455
4949
2735
965
401
4391
613
2981
1152
1133
4231
2065
8297
2907
1551
938
572
2299
65975
4177
38794
274
3220
208
71035
1101
58891
1794
6083
27969
405
956
545
3790
485
1092
95880
989
4145
2962
917
417660
55318
96
574
547
394
5270
139
83360
295
8863
3782
173
5918
17839
418722
2442
281
201
7015
415
633
2109
137
4780
1466
2635
590
1342
1760
341
7351
348
1977
1136
318701
46
742
40467
5172
1742
26410
380
380
12165
1743
2309
844
567
700
605
19725
637
2370
1049
107
422
387
13496
5534
14256
10975
2655
1503
4013
1277
445
11604
589
203
1100
13160
161
1298
3489
744
1898
65763
4964
657
235
6029
3219
9435
2625
20270
5379
14055
2204
180
621
1334
1503
414
1522
150
19626
35984
1285
670
1854
15655
10095
80406
835
49
304
12736
1274
238372
186
49066
1751
375
142388
26484
391
10463
859
201
783
751
8090
1046
149
458
7942
96045
348
2634
1845
1198
160
36522
6799
409
1122
29114
322
17462
254
22951
13719
2303
1870
235
17364
4302
1059
43
1127
6113
281
1107
799
340
4893
26588
300
1691
972
934
473
10754
4421
29852
1103
3966
1039
7657
5785
3578
289096
5025
48002
550
602
1999
691
1582
88
42435
11179
11320
7180
1786
8691
7337
71596
11732
54355
6638
480
482
2918
7658
116687
127550
608
122
125145
119
657
2693
307
9445
202
27240
3460
323
1192
1349
4541
729443
808
1142
17757
1178
110348
35529
508
295441
264
695864
58311
6453
28129
345
1860
171
218660
3829
928
178
224
781
8855
421
1404
119
29358
10291
33898
2178
10605
21217
7749
401
2876
9804
776
13175
1644
92208
11436
180765
400188
15676
160
1931
36
507
274
16997
16741
1309
859
148116
30768
44841
36924
1751
1626
36529
337449
5988
3114
3808
2256
655
4155
168924
4515
6134
197000
3562
453
9739
633
5078
4087
1883
8897
222461
23037
1283
32900
628
878
3949
50457
829
3218
814
2914
477
43264
270050
4027
36530
2711
63572
3569
554
17136
2847
225
43587
2795
13927
2713
551
537
4452
141
3805
186
188984
44054
19581
1844
1252
2177
216
13415
230
1915
862
9171
3002
5820
635
617
130
912
2430
18211
322628
2003
717
147593
14788
462
827
413
15642
1979
243
12689
8412
3255
53146
972
5125
674
38194
694
1252
103277
7315
37
1568
888
1378
913
1325
86728
13750
6985
5463
120776
278
14950
487717
10001
155603
163754
26985
81
3422
28134
16769
2639
20128
672
6759
4126
200
192
1067
5473
59446
22038
95
3901
12111
1510
68870
80307
24315
105131
1114
932
769
3766
65
503
599
1341
13146
227
6887
152857
226
1794
1150
5859
65299
1914
8506
2926
2294
235
605
213
4253
7009
355
1241
24262
246908
2954
330
631
12723
4529
214
372
983
6830
5033
3225
1828
1962
1805
14972
108
105188
429
2023457
7451
2474
2774
15307
330
24029
3389
44589
445
30
1183
417
196
2579
4858
31483
2491
3477
187
1572
3695
2117
1210
724
461
3257
389745
1774
278
4806
1157
38545
12139
84357
462
2422
756
283
42524
9629
1337
1807
12291
99
1050
932
344
17809
4124
64973
145
9471
2469
6011
1154
819
1330
2190
933
5708
586
663
342
904914
465
106293
755
962
8055
295
179
2648
8849
9160
3230
1287
94284
81
758
74
4004
242
18085
759
55978
2155
1109
402
26613
1183
109
15049
578
3298
329
1161
1149
126
308
5302
45910
456
906
2075
120
347
321
3344
187611
3243
283
730
2369
27126
126187
146
4780
141
566
2532
32677
1510
1073
529
628
596
309
1598
2406
3506
1158
418
83084
5956
776
1638
2402
17492
86411
14625
6671
6473
234
309
18
3492
10338
1525
844
1568
56793
1530
23832
246
3476
4080
661
15311
778
2933
898
2167
589
18939
11
1106
313
167
176
194
31185
2838
27
83
46532
1089
231
5917
1687
29336
191
883
61
896
5384
175
934
2295
7171
46121
369
314
12421
1624
864
143
505
496
4373
178884
30431
1046
897
2574
533
5036
248
54
4027
740
1100
5821
1490
2909
1399
109
165134
1890
3002
71
165
1908
29627
464
949
520
42334
105040
1037
486
302
55
7173
28059
5648
493
194
1065
2638
7553
948
169
8910
90
297
5728
2025
5063
1601
1846
7396
10984
247
2463
3501
45987
39529
35073
1774
277
367
398
1152
419
1989
818
2098
5485
19307
9158
1268
2182
20757
4432
2789
1880
2128
841
551
20027
10850
59
247
11717
164587
5704
4302
2221
22194
1744
2348
6024
563
1492
317
644
654
235
17170
489
11066
295552
1928
28082
2129
1092
1682
113
369
3225
12106
4768
3798
15319
18257
348
7291
3386
108
24
4639
224
43128
1922
41276
663
469
1047
15467
23126
2808
300
12669
4227
484
1947
18485
42497
158
2682
7256
266
45167
6813
3815
1974
152697
12500
1217
715
1557
3506
371
95
11049
55194
338
224
7128
589
9826
7587
9453
1914
367
1914
3920
1697
1673
1090
1853
868
883
103
1545
1614
2161
47581
1695
15497
1337
1367
7203
13950
269
5000
185
539
964
5121
1737
16267
181
4371
174
10261
299
3879
72117
1765
14003
33289
1661
7489
10871
30447
723
3169
8509
245
1737
21569
2631
28495
1614
8568
24776
2784
9339
203
339
2661
439
538
1717
1874
1318
13476
663
15514
583
61500
1588
25978
30319
89217
23205
7280
2524
1479
92752
599
1188
5068
261
69057
631
220937
329
3910
1168
3162
54344
8074
16263
8484
593
669
59293
3669
23331
705
632
1880
693
572985
38156
7074
423
38414
60349
6526
1296
464
12072
17851
27072
4302
406
1705
4652
15695
368
647
23858
17
40055
19657
650
95888
1353
291
479
649
308
26851
59797
350
320
16579
2150
556
534
1905
12346
969
805
1812
417
4577
721
9490
6644
327
367
5333
1533
1992
817
1272
175
262
149
1883
15917
43906
15616
173
554
114
30461
6517
133461
11128
5664
18451
3435
7345
72854
14559
4857
671
560
8666
415
34966
180
536
19
1118
1323
8292
6809
1092
1407
232
286
117103
323
1188
21454
3461
738
293
20677
1068
8516
939
657
1210
1608
2278
1499
1113
1722
928
936
13213
113
196
1872
914
5478
117
13627
2954
1321
9758
1012
285
24641
12884
515
2487
138
866
3247
225
222
2204
446
16037
594
398724
344
8645
6713
3160
744
5390
4780
46713
610
58138
5297
3869
353
469
2692
4093
7006
302
7482
1863
1196
1511
127
1963
1294
274
1282
2621
4299
1518
22170
22068
20918
728
52529
2499
237
150
251
377
189591
235
3208
57591
3180
18615
190
4012
829
570
15556
232
320
899
24196
55578
12317
10099
57161
8047
554
1296
24626
1860
298
32184
2572
903
3414
3223
945
9792
4373
6243
15520
131678
1727
269
133309
546
147
381
23618
63940
559
2172
505557
169
138
135
581
46
11709
513
3176
6832
34577
7758
559
595
252
102496
20798
630
35034
1028
4195
1499
2348
303
99
9595
986
7298
6643
1112
3518
4359
16319
5411
321
9665
6793
2486
73769
117
2153
874657
9278
488
38
530
10204
1732
48188
3327
202
334
92
1153
2528
970
2531
32124
10374
152
62
7721
3670
315
142771
2826
3204
1270
96
14170
97294
26063
3575
39476
2054
7439
7163
43024
1100
15313
37022
27669
3518
38230
411
2040
29
2057
67274
5706
175
239
78639
318
715
6391
67595
24576
2277
2419
638
2572
1964
5062
771
21824
4533
7246
805
313
3802
2111
394
25169
3615
144173
739
1346
62621
11319
143
8239
432
926
560
21252
87
482
3133
9724
658
1609
19757
609
52905
1301888
903
253247
335
962
2620
930
3415
807
483
1571
10491
22457
204
3922
4585
516
27211
501
19572
2579
3109
43864
1801
888
3479
1902
166542
7362
376
20822
1797
1478
2675
64658
131883
1177
166
235
808
156980
426
707
3443
232
2334
828
162789
73
11989
17092
194
4724
5483
423
3188
2140
14458
945
39176
319
808
11
8823
10835
286
271
114805
552
2603
91029
1299
81229
51
204
1723
3049
10230
8604
921
277
16395
463687
37160
967
9546
50478
4585
7334
112
1661
475
182920
4887
89384
197
3524
521
58593
16846
1429
43945
91
332553
1233
392
1491
312
240194
328
2706
16961
65970
5043
243
8151
4756
7622
4502
28073
5419
19987
76068
788
1614
9805
488
2862
634
3159
747
9918
10007
7294
9935
699
1051
1031
110
697
463
632
2998
24483
342732
5948
17229
24839
3392
23374
2722
1148
86098
11590
5350
20128
3900
2169
443
17929
80738
9799
248
1173
2661
210
465555
16476
1213
454871
1068
153891
4060
8548
955
3942
2355
21718
132
597
205
3573
1483
4720
1195
150397
518
14210
6049
110
208
1310
3277
206188
611
1019
25347
18054
129
173
700
395
559
2850
251
3005
62006
4905
29467
264055
333
167
31066
116
3170
1791
26935
26621
1713
916
46317
45268
558
19099
7374
1991
12987
420
2609
3290
225
133
752
871
1421
12722
1743
93
91
20349
329
1906
5915
176116
10770
621
51358
158468
2850
757
2101
307815
1206
4175
286
13232
1385
1341
357
1527
18730
749
62723
242
351
73769
5605
6465
3102
89441
16455
676
612
51629
31786
3373
2398
1088
276
742
5544
3182
188
76949
1175
302
33846
3251
23936
4405
12547
350
100
189
2286
20954
3414
168
4430
7205
2541
81
395
7294
1085
2138
401
45366
5129
347
82025
197
413
14419
1113
856
213690
2429
24015
1275
705
152
353244
52154
11587
12448
46135
1130
1724
13080
4550
4143
3749
450
1130
1120241
3014
305
1984
367
5237
2626
2509
2138
1169
531
321
1319
16276
659
1492
8452
480
72
11453
4691
270902
4147
16040
798
471
667
227
2024
380
70
12795
14580
293223
1664
3211
370
1063
2029
1436
17118
302
2669
2484
853
29452
354
51115
13404
13401
9080
4021
720
2032
3342
52717
811
27552
6570
690
3065
6872
10316
1641
1697
12625
11248
454
733
3205
14374
1325958
3718
3763
1609
34491
19947
3222
223562
168
1255
3349
474
1183
3879
31444
507
35912
7924
3336
267
20440
1888
255
1205
16719
1548
5044
162247
12937
15653
2396
10128
32660
11459
4750
41215
3239
580
1023
2688
155257
1774
1786
31656
6628
34031
124
1424
732
628
375
3002
82
6943
861
471
3425
350
242
649
9620
2037
680
16269
12648
6705
884
1318
21830
1461
894
865
2324
828
7613
3110
577
191611
4876
107
7493
1430
19165
78416
6550
2851
1038
1730
574
2917
473975
4930
559
34833
180
207
770
48211
1470
889
1149
34699
91
1508
58040
19318
2048
2620
2724
4436
730
26068
707
4911
304
446
1645
39415
13484
3952
696
16284
171
887
11451
73
1231
4168
467
80673
1334
442
16461
5310
4406
370
2352
393
160
1687
1325
654467
23082
607
905
8241
359
7726
1154
7846
6544
445833
713
502
158
5317
10048
119
1694
1784
917
1337
392
552
17644
274
430
3013
11928
308079
1604
51837
101675
348
6879
64872
70106
6488
70251
5405
6077
221
655
5719
16030
645
16945
773
4867
12760
9263
547
22689
368
21469
88
443
759
20746
69800
233
589
2743
629
29
535
2312
13811
1989
161
3067
624
7880
895
1487
42678
22218
3884
9301
888
1987
453
1008
517
381
56903
1765
3797
231
2415
297
1286
18559
11247
1104
309
40822
2111
60130
10197
1814
905
566
3923
1323
550
1763
32
522
1876
1930
13955
13455
137006
2083
395
60234
2622
135779
1645
2563
9315
7806
76688
32043
6776
254
778
35298
1023
319417
1066
3755
52095
1133
2955
2310
249
731
241
1072
397
1041
64
1271
25
3576
38
6270
11876
18999
26044
300092
1264
986
2485
76127
1591
2464
442
18201
713
407
6379
20420
14338
2452
15122
2666
739
6234
570
2328
330
28017
1377
361
11745
1289
1480
436
1113
16704
784
851
43848
15063
754
5907
386
503
7283
5395
1583
1069
118303
1091
1088
204
17368
7277
18518
415385
1317
3088
31
10766
23025
16300
97832
3562
240
1253
5566
1848
19082
17104
649
84
213
478
21325
52
203
2312
800
5345
3458
461
32
101
2989
992
24476
598
200
307
107877
352
22242
5779
16014
310
222
1157
1414
2539
1755
28292
76809
418
2332
2745
1805
6394
186068
10246
6466
96
3111
2501
331
943
680
88580
167
298
475
170924
23527
2045
1218
1922
288
9087
9912
1730
38963
22
183
21013
294
174
94382
1121
50295
37017
17695
630021
6293
3119
89437
4343
3545
13459
19214
6159
795
990
2742
1493
279
1577
17546
1916
1305
278
4221
11928
9009
12676
13395
3022
3258
406
623
895
10005
276
2248
2946
1278
198882
25308
259
59
2989
814
679
352
1150
1956
1974
2917
23495
845
288
82
12576
1679
4318
42194
5489
434
12801
3505
44288
8285
260
842
63617
2584001
1295
4846
1036
45519
3134
891
16412
302
3740
84
329
837
53248
34325
426
2918
1380
17784
845
12676
673
3584
2894
6305
238
4442
5991
253
303485
736
15254
13538
64731
52
688
21753
102478
542
1023
3413
363
1151
1308
25
28686
1133
21777
414
574
404
9004
185
469
3760
917
37
1233
11520
637
531
955
682
146335
507
52498
9467
326440
1339
194791
117
1501
579
240
861
495
4716
648
505
2424
145
134
2326
139
9696
4099
2594
454
895
295
1177
4052
3025
68741
420
1797
12
14889
919
3453
407
26391
2648
898
1431
60507
403
31
671
825
4694
10433
3497
555
12124
3461
3750
54682
311
1159
12913
5999
9019
3832
480
678
9224
3157
823
1900
1060
296
397
4130
80955
470
829
43661
1735
3141
92
2209
3519
566
2768
2073
37654
350
976
1317
7625
1444
31526
78966
3190
23978
3143
2321
4631
32087
8267
15205
1498
10768
194
102
8539
5786
2076
1343
180
266
775
24119
320
312
3126
16903
14198
14518
281
708
6267
4544
143
23
26005
1157
219
164189
1443
12741
426823
3657
73
1420023
932
552
208
117344
16001
18887
1211
47
125498
727
201878
410
3585
1440
13282
352
56604
21306
535
29
457
242
35968
70979
76710
527
22550
201
43573
722
295
4441
470
4048
2626
116
744
5713
54232
2132
234
1577
275
1182
640
921
8013
9466
2294
1443
11768
23
9150
2910
241
923
1134
4888
3096
118
992
88215
2212
219644
1058
4261
967
2192
796
703678
486
70702
1030
2050
353669
251
76275
4376
6546
64991
632
105045
172
73045
410
108483
4950
25942
3780
37622
5815
3861
721
743
9545
5859
1961
2727
7214
28518
216
5156
810
589
712
315
14197
559
2200
315
628
29967
1249
14573
2318
506
53
83071
926
8032
1024
14325
619
175120
377
992
5085
8022
33203
12193
279
2263
2466
1398
3792
3500
196
489
1252
19
1147
373
2835
12183
90257
1148
35193
1415
2809
18480
199
6380
1697
13975
170
26624
632
16355
1656
37286
17334
9220
3835
19077
974
1034
17821
33084
18540
229
3329
7255
38106
1287
55
15036
12736
1819
473
30204
45694
1892
28999
7942
5764
3417
1676
846
8762
133752
335
448
2818
284
1311
5139
363
4644
366
2284
4989
1098
914
746
5197
743
279
685
523
63275
29889
873
32234
767
7676
135704
744
327500
148
11745
356
405
4381
232
7825
93
5944
36292
402
173
31314
364
2954
15710
155
249
537
10264
50573
3040
43733
21135
16330
1056
1297
22417
76
1258
719
422613
3244
3542
2131
92830
487
299
4916
129
647
2546
1325
10389
219
2574
912
1604
232277
12341
13682
5145804
24016
552
2395
198366
2980
2828
3827
802
733
7782
443
605
2425
824
989
1564
735
2196
423
140097
15056
377
1122
29837
670
973
1750
242
77
1009
129
409
995
13164
1756
91
19
3513
9423
52061
391
821
150
131
80022
19527
2445
1101
2225
745
9496
6099
755
581
402
609
465
3558
147
1423
1279
242
1035
28137
13343
748
101
5741
656
15437
10301
598
7459
250
1037
149
6850
18524
15026
820
1326
13922
1393
772
64
93
3183
29762
3744
200776
245
80581
14409
25811
10063
342692
283
2004
13841
2617
542
15
107
32883
763
112284
2669
107
5177
34652
2445
288
12697
374964
486
209
673
2133
2899
1285
877
2357
251
199714
574
21588
28762
26274
3134
442
1153
784
613
1546
677867
1696
11013
4943
1848
776
14866
234647
3491
3064
225
252
21768
4658
223
699
1326
641
135
1289
3515
1611
3053
511
179
974
865
620
219
15327
63193
981
1288
364
13
38908
1732
134391
1384
664
718198
750
4074
39981
2418
17914
293952
703
2133
4829
432
7684
51874
3104
204
2996
1874
632
1285
2097
2367
6788
491195
567
7867
367
3023
1381
1055
5545
7057
2493
38
198
6680
513
1702
9667
1966
12890
1269
3405
10479
39012
1115
1056
2114
250
3897
1410
111254
349997
9275
251
1889
6760
3674
71899
17483
4973
1167
26741
1270
462
865
977
895
855
444
2472
219948
597
281581
510
9431
11571
8230
25303
9325
10079
2891
5182
460
932
946
420120
1552
53128
514
319
3235
618
48286
1417
596
361261
11034
217
5708
13442
232102
1735
349
895
4387
10502
498
37790
640
1740
578
954
2429
7437
759
16787
13014594
1905
2053
722
985
3532
364
2863
6568
8691
185413
47
1953
202
1749
17902
5044
466
104
148449
92365
374
73760
2009
3411
7901
78218
342
289
7151
348
354
206
90
9145
146663
433
1372
11605
759
77
8402
511
10917
71924
10995
25030
495
14428
20532
243
1987
25
1608
12704
192274
8125
186
3645
4555
4734
108299
267354
29
2163
759
858
5535
178
629
514
1064
655
151220
202402
550074
2444
482
68473
27326
3065
691
129
2450
2890
5887
11379
23247
233
5302
6183
10948
440
39
13498
3455
10772
19402
1679066
11533
33895
3735
23374
3761
3220
563129
5868
6271
32334
4259
31499
1217
101
7699
1686
853
20695
26788
80
602
472
28025
29457
1157
441
140596
3971
555
357
6481
25
1369
930
458
1008
3668
2815
163
93
1527
887
2768
1193
338827
59
86241
809733
939
163620
27194
567662
2660
3883
557
159
1309
2813
1495
4026
4394
3690
6523
75
679
495
15261
153
1908
407
700
8387
227
597
53
2601
406
79
370508
5259
676
405
17235
20
2751
82657
8566
7521
167
256
1084
1404
1010
6936
743
675
16688
181
1189
6977
10081
263
17870
559
43613
25
6104
281
237
25189
551
11136
2696
593
25644
131095
359
3812
165
597
467
1526
4333
354
3599
550
49
7069
386
10243
548
11428
5076
1139
2081
511
58761
1980
2189
67
524
31513
55975
5268
323781
5976
97
63700
1819
113749
26772
93
16909
218
24890
878
7570
2241
1601
4168
513
512
183
519
72107
7955
15
66375
6798
1026
572
344
91095
10787
17286
12927
121
4741
413308
430
53702
174
533
3686
4841
50950
161
6017
254
47756
2239
523
1023
804
253
1706
3067
1867
4156
1131
5151
104520
17945
12755
5150
455
4271
829
890
1042
3106
20727
2773
25118
27989
2753
1151
6805
65582
200528
11723
17377
3936
4040
1701
12320
27014
4953
7703
23752
610
49418
7552
2500
100768
2062
628
61057
17836
20530
3354
6540
3109
23182
5544
5475
192
5015
834037
508666
1940
845
1075
1156
2447
308
144
1183
20665
493
1075
65889
170975
1939
1310
987
8832
155
377
900
3710
1927
12460
535
1708
489
276
3145
515292
91
4299
8
34170
16132
1457
390
7142
10120
1817
482
6446
1222
10896
141768
1426
524
1641
1110
1737
133
701
280
2442
101
279
2156
1094
8640
6714
661
1018
166
19566
135
1461
6347
819
25083
1427
592
628
23904
1030
17037
71950
530
111287
280
1651
3526
2862
12933
120967
3722
6538
643
43571
4774
20521
1861
41181
766
22173
1423
91899
2817
396
296
20336
1236
347
8677
844
282737
1484
174088
733
3059
35628
254
736
528
2557
7085
357012
1650
2568
856
378
917
84431
3507
6943
196
6019
2763
2005
297
3295
30638
15278
1056
20127
2834
57951
535
15750
1634
1708
20
17165
244
547
1357
24485
338
16446
31363
3177
1560
745
3414
237
1718
41226
335
3323
36924
5367
339
322
15028
62013
1078
162
448
22967
311
1245
8308
22942
1492
289
72453
32040
584571
3647
844
260
3619
8081
11093
18982
2906
231
807
10717
22
20972
1622
263
22453
135
606
3661
620
3009
174
14980
19620
18200
2832
758
373
6795
15527
10821
563
110306
2066
122474
2808
39537
13724
1632
25683
399
5567
2043
172
1121
2778
370
6584
5704
2530
243
63
2594
345
1920
1638
1344
5790
667
714
3022
6927
16607
4012
8548
220
9123
18265
5973
199
4368
12762
13913
1325
50291
484
5730
30933
1624
15699
277
114177
12878
8558
2393
986
3254
197
16964
95
1330
4664
1232
185
11700
1102
533
863
755285
2282
2749
1415
1616
743
102647
826
3266
280
464
348
3583
654
347
747
85399
434
207
1094
210
47791
1091
1962
24351
2530
2387
22300
2304
405
10957
171
2462
368
306
3625
145344
4498
1369
37402
7873
580
412
153
56519
763
2545
15644
18299
582
162
27377
4043
34062
8418
747
79
7399
303
186
800
634
1172
708
1239
99
1752
293
26206
2192
4597
123210
13318
8775
5052
26921
1089
393
404
1815
834
2679
8271
105914
167
305
1521
6769
165
1097
207
244
18732
15048
22033
528
10062
508
80327
656
904
4459
208
613
146
1035
7032
92
552
1788
25059
2012
555
1104
8875
100896
7951
50680
92671
364
13490
25107
364
6466
1509
535
43261
1750
32821
24343
4826
308
50568
1555
10598
1638
11378
66959
4526
2137
390
3761
98
332
473090
1083
824
1729
757
5002
59
599
73
1022
555
329
7397
713
364
8117
616
493
50333
60722
1191
36343
292
229
1406
160771
70325
894
10682
11551
482
113979
684
972
21599
284
8905
8046
7046
12593
93186
2529
93649
219548
511
1235
1060
27166
7239
32164
10596
8024
42360
271
1981
1226
181
52451
22797
3937
2932
269844
13439
3649
185
33491
4477
9845
1899
1970
718
724
121271
1762
55
2641
290
29460
11899
436
44676
1023
1139
403
1365
1168
13151
1654
310
22382
399950
293
1419
7063
276297
103493
341
2787
991
9626
11828
10523
3421
21202
2011
142871
34527
6148
1607
2393
312
1230
1029
1075
16857
146329
2871
447
5869
602
8089
107394
2197
1066
673
548
1289
4691
3615
717
8704
223
13157
3384
16426
1572
1247
23533
10850
6218
153
531
345
886
5165
80898
151982
2516
16233
10275
374
595
1264
5921
10659
21081
6888
17066
116750
540
585
2228
4638
983
47016
9086
67
613
7274
468
24427
64393
397
2153
784
91
533
265447
554
3108
816
2942
1048
986
13330
7577
689
12940
2357
320
721
5088
829
24879
228
2402
407
6201
12547
385
1474
14061
6389
72966
1675
416
242
1171
29605
4295
2795
95
49497
26444
335
2222
1137
5130
14979
146
11645
1366
1040
5927
6689
18780
2882
500
391
35166
6142
90724
202
33083
2762
617
475
294
336
474
25
94338
102
276
679
3089
1639
125225
2524
515794
3849
23193
3600
1567
290821
130133
335
1627
14293
2727
1073
6932
14228
3018
3168
2974
656
3100
1339
197
48568
16127
1787
3640
166
708
582
5216
562
1927
14178
2069
16333
514
1263
6568
524
163439
3523
32
75949
950
4072
92164
8022
935
1612517
3382
21793
1506
48359
11212
2721
3167
698
1401
12153
156
31166
584
172
19321
18208
2204
3374
4718
628
384
40604
2312
16579
448
131
2958
1198
211507
3275
1969
13153
278016
2525
98249
3088
1873
434
275171
980
10619
5245
198436
37835
32483
378
349
13965
5720
659
360
48723
7921
659
699
526
526
1643
16080
1288
2114
6375
12745
261
47863
1233
1084
1083
382
25284
100051
1772
962
304
177
83
71
1013
909
8127
96140
37425
1742
584
34247
586
2805
361
5297
176
183497
11136
1384
13
10759
1761
3167
140780
29
1414
832
3331
137
26987
7215
29444
240
328
693
1966
2416
2239
4077
12727
7324
2478
1159
664
29094
475
783
2051
7880
240
441
12152
4740
8715
99570
94
425
644
457
2415
259
58850
179
19891
710
1681
802
9310
987
1404
6085
724
631
1690
133
2376
7203
90
2613
1873
14384
959
745
709
3057
107285
346
27407
162
492
24247
46309
4242
528
4065
33279
47
3388
3629
8
59032
203
709
3694
1086
2146
1070
1006
36987
324
614
1918
8414
328
1388
4166
13033
387
113126
703
3878
458
264
17675
3250
675
1197
22684
2097
957
579
15182
11266
4864
1021
13250
11251
10370
464
19089
1356
81729
3095
1419
27
35735
2734
43537
20938
1134
443
1043
2521
15404
831
246
1859
1931
25364
83
73814
917
468
2005
382
12323
1725
3408985
314
253967
391
10304
1338
346
5241
1511
1447
14170
406
3860
864
4817
2724
1303
886
327
179
1777
547
1103
4748
239
17994
626
1073
9453
27
1366
299
773
1510
429
1359
31
565
579
300
137586
29887
2528
140
591
9125
112907
30633
8711
15460
8151
9391
1581
154
2384
3917
168169
15841
1839
1499
3970
6810
2560
11308
19427
59867
8370
7474
143
180
1088
1210
2222
20622
5067
17
341
181197
2605
76
958
2216
2453
12552
109
118
6881
78
10847
1127
128181
21004
237
189
9825
44987
9299
2651
686
128591
667
7326
898
677
746
35440
10510
2493
196
23981
5979
497
31425
237
495
16947
110295
1598
56029
471
11667
10132
673
22242
17058
3119
6578
904
380
1812
316
3288
690
3910
5507
2303
1422
267
510
476
415
30748
731
17601
1077
95
24856
2947
2370
447
534
315
9085
29513
24628
2352
5973
20328
93570
1173
6795
1899
3786
1001
1706
310
265692
1896
977
23305
102133
9059
1847
142
443
133
253
3129
1310
225
58
94
1882
5805
1550
13257
4068
240
1830
1129
84
206
209
87
339
306
1163
608
1041
3922
19565
155475
3798
1394
847
45894
1177
4998
183503
273
19700
171
229
2905
3430
4603
13822
18141
21003
466
430
729
859
14804
16475
12530
5512
1687
26877
138312
577
18197
2546
2680
1990
669
1580
1081
8914
29401
6664
1713
37685
3100
3380
690
309
12082
620
787
15965
714
138150
363
1926
261
954
946
13502
6800
568
12616
10534
858
827
384
933
3945
4644
22063
47
2734
2240
39860
51
106387
396
6495
1577
1260
31950
17353
11836
327
1590
1654
4287
5251
5398
3134
1146
23702
3290
951
327
609
204410
1424
10090
481
5185
761
1267
12378
30117
339
15367
16346
3397
17031
4233
29159
394
7251
314
80626
667
90778
65254
1471
69
4849
33422
1144
18797
11551
2060
4310
586
30
5381
225
354
56037
27278
146178
298766
1871
152
2576
368
1818
1729
671
558
53246
133297
49688
157
1217
1139
101
1149
46605
285
6025
2651
17556
1297
1709
491
796
27653
2194
250
164207
3444
930
56930
1311
8646
16793
605
198
1341
1370
7360
1019
1202
180
4713
438
236
19221
1783
86
502
7421
23928
56
723
25068
59749
227
30382
473
24184
25707
37134
7229
37771
464
281
918
360
87556
19181
160
487
3119
2262
1198
845
9326
603
1204
785
186
5214
3522
1102
288
321
938
10753
2235
14675
1166
1380
4271
56855
965
13478
38488
1913
8344
92
36364
3615
382
3708
5869
26562
3577
412
390
1184
360
66139
11882
307
358
3567
6450
3618
68
5325
26755
1954
19697
319
