286
279
16461
477
2046
1859
38545
95
2846
1414
9471
1295
1480
87556
3524
125498
667
13241
256
5151
331
59
186
1736
850
27156
574
1577
730
339
348
481
10350
1281
355
1121
12182
295
4644
11051
340
3331
2101
135
99
605
493
2452
394
172810
49739
255
2512
190
1891
122474
152975
307815
1756
1721
2045
3455
3462
43661
821
501
490
9158
399
46935
1463
192
2602
807
9667
152
131
4716
99
722
5387
13442
7924
363
4774
185
855
10063
394
23
606
12878
27333
146
1591
2036
84357
519
515794
36948
395
330
2395
834956
566
3040
1900
29852
448
3170
3424
755
503
2914
95880
1106
53665
66375
65975
415
2592
61819
621
55
1256
41226
10770
234
1300
1208
122569
581
22684
1011
726
1981
8811
747
635
58891
99570
325
13719
5973
699
16937
1742
11660
60196
70
10724
493
2338
133
696
203232
5302
43024
13036
3817
20822
1499
29837
47257
6557
402
6021
7063
19415
4597
832
33162
78966
6048
570
2445
1173
261
15695
2459
8558
2812
69
3937
186
416
1638
8940
119
13896
3903
13183
245
16040
2727
159
819
6568
2064
290
10896
98321
49959
1508
4137
10669
1750
19252
1038
50839
941
108389
595
9310
52529
926
4541
1204
3661
8081
4520
3389
21891
12150
757
2239
600
1074
2762
429
4041
201
14675
139
13227
465
19891
2057
741
93649
464
9263
1460
185
152
1154
526
4691
16947
11217
8914
167
841
535
19807
702
33887
146335
1484
2795
102478
335
204
1844
1709
1039
34
577
14950
623
173
13674
814
13573
363
2768
5869
633
50950
2369
211
166
12378
746
1396
2917
548
42360
34914
5927
20461
7
6795
1119
396
197
199079
2263
945
87494
1134
27755
3766
1566
1125
70683
645
94
21777
8103
47
435
12669
1522
2326
632
129625
77185
21325
15723
3509
628
894
147
18451
2918
2467
65582
7294
1519
950
31835
2532
3026
281
767
10320
98
167
1614519
3522
38546
7921
1237
49603
508
743
3676
20336
307643
22412
13118
54
8940
1457
1729
11622
6159
963
4405
3123
4056
3572
17929
23584
216
40
24196
1146301
127
12111
993
738
407395
1115
1572
142388
3552
347
14845
265
2355
2424
171
462
1277
14180
192
430
3860
19
1706
4976
5297
2709
311
35050
1306
93
4989
8666
610
5591
4766
2779
339
35298
6759
3792
2779
67
6085
338827
79
10769
19620
110819
6140
1153
976
30270
28871
3438
629
14374
11453
4753
1209
28702
281
188
1146
2676
153891
3092290
1012
1701
26376
170975
10094
977
1543
55435
41
170
349965
7562
321
9372
487
898
76068
2920
3125
1038
12913
1609
4043
7658
679
729
2935
721
22386
1015
721
405
270
9205
3279
12310
50491
699
27044
26063
2098
421
1033
3258
886
202
12933
110
1478
655
13811
1262
224
988
92830
3114
367992
6383
1737
2675
9947
1389
8802
134
381
484
564
239
923
5323
1751
116
1517
4834
423
2445
995
75486
3921
105
781
1417
43603
224
1752
1962
53622
10491
1913
1485
319
6795
13928
108
53087
13788
668
320
1310
295441
199
27969
3099
477
25364
100
5522
2674
1042
46119
2430
18797
6026
2219
10319
2323
917
8701
572985
35724
4768
73
32792
192
192
1078
5382
32601
261
86
2407
27
131902
19124
6014
498
26935
15105
312
3058
55975
61535
655
356
4201
3143
1472
223
258
2636
1356
11590
109215
2534
1779
13
192
7451
359
2419
36292
97135
16543
150
376
1536
1317
15327
80406
1592
1830
1236
101
902
1085
8715
6305
24461
4150
8155
2212
742
124905
5121
99
5131
11050
383
962
3942
443
1114
32
3004
4962
81676
6293
27303
266
1533
1413
4060
48536
3841
12275
181
5369
713
174
5395
117541
162247
22218
70251
2709
2416
330
56196
117103
1175
38156
2938
267
6775
1641
143626
17033
58311
1280
169
145344
12748
179
425
4780
955
54232
4631
134
463
15741
39823
410
10948
943
32868
118
4072
1421
377
2133
4144
143
13703
363
676
17923
709
133
2211
585
275
27485
2485
29977
1687
559
32
58593
401
3023
217
2023457
11571
3275
298
66940
279411
240272
2556
92208
19321
308
444
228
2485
2863
259
17851
35342
3792
138
17307
614
2784
542
3952
9220
2111
1518
1920
14866
1296
5191
2618
27326
43391
1639
3541
118229
5565
225
967
1063
436
263
520
1270
1153
31166
1141
2557
1855
1136
7272
14228
16339
3109
15878
380
17874
3336
3479
5971
232
12256
739
2044
1701
733
28091
63193
3543
74
2524
2328
19321
80245
535
4841
392
2904
257
2128
3141
1042
13796
39409
515
13158
196
1104
297
330
523
2328
185
11345
399
510
545
1145
12978
95
283
3250
322
1150
70
795
7304
266
3690
20798
11533
584
913
628
29887
1577
1019
8538
904
29714
3176
24494
472
3477
2307
5764
2890
2418
151
192
77
29
630
932
21908
746
5365
280
336
349997
169
458
22894
1209
118582
4684
6051
1619
391
2635
866
4393
692
1078
180765
385
380
1209
161
844
1430
80180
4114
604
15496
108098
1315
3973
1673
4299
16997
3103
9123
619
19269
906
145759
667
2971
1298
2037
502
6517
542
864
461
74877
125
2929
1213
86772
75
150583
38963
794
78740
3936
205
9706
46153
11768
661
383
801
1274
824
465
2515
137
316
417
679
712
6769
15520
333
24427
107394
663
1789
1317
7526
33727
1815
95
5545
2938
2679
320
725
704
1424
19052
3164
820
4361
656
712
11929
45910
2153
2208
3119
4748
1144
4608
1152
289
2231
10001
759
586
1030
4950
144
43573
3636
6052
888
678
1658
8689
10433
3203
2572
5999
37055
35440
1386
2048
209
1622
1016
247843
27
4898
2002
5730
1881
25707
2307
426
2132
1479
828
4277
34783
12634
673
1036
289
38609
515
590
746
140
12363
4452
84568
640
3809
350
486855
11323
476
2464
1747
7633
37138
2150
1471
23082
1269
170
98762
163
2309
2530
10079
27240
10524
4523
220
66759
4299
370
1430
194791
246723
3286
1875
72854
903
26741
149
143
13213
2768
46605
54344
405
68741
95
4264
1211
15313
1268
184
11034
11
2768
790
3222
143
25625
299
130613
19725
467
9215
2474
680
94093
4318
2980
33895
3170
216
1985
29
1342
338
31656
692
21599
2101
1724
17602
1664
133
1302
1206
767
10384
97984
62211
1142
5440
565
20087
1717
574
160
344
837
4271
2062
294
113
2887
1047
11910
7625
20757
631
7256
684
917
1229
4826
63220
1247
19987
26409
11645
2603
3374
469
9834
2848
29408
492727
1234
26206
4169
817
16040
1490
2133
465
3036
46121
64872
1804
87087
516
13343
1703
613
2284
496
120
21855
375
46309
2053
347
469
714
117576
353244
293
12937
5859
41142
495
322628
49900
5678
566
213
567
146160
12421
605
5896
8110
1142
550
1994
10956
1956
1168
6071
329
114809
1334
212
237
991
1065
286
48
13401
657
858
5771
513
25975
15717
202402
20272
6245
707
5737
8484
357012
3782
375
17213
219948
82025
4242
37017
531
963
3290
217
2955
1267
2306
894
10619
353
8624
1344
461
161
9626
23531
6113
240194
2356
528
22
242
3443
6011
2722
4371
419
1979
81
2692
512
1337
8424
299
127550
893
174088
7239
4524
28735
877
318701
1978
8566
8239
119
959
176
18320
8760
7953
3754
9004
232102
20
1577
118215
31314
912
12372
2890
2058
2656
2393
104
693
2949118
10088
12552
3386
9595
20695
29452
3608
655
2766
138826
18085
864
1326
8315
776
43128
2626
3208
1511
173
666
225
1366
555
807
387
528
2353
4896
378
2516
80581
4259
19621
32560
1086
255
5532
4846
5988
656
273
393
334128
587
1951
8
839
22790
305
106901
4022
243
15392
674
16327
2651
1139
414
15841
13927
3351
732
224829
270
1545
5164
1121
9590
6885
2563
10062
51629
772
2849
699
925
93
11617
1803
563
315
485
3126
486
977
1023
2947
8140
93
4340
6943
33535
190
2384
1729
9224
962
52
3505
127
43
13275
20180
3327
4375
9490
3252
30204
10712
9445
27097
484
216
2365
4169
145
33755
1134
5815
4789
40604
6401
2463
35735
1239479
172232
346712
26286
248662
1318
37
529
10230
423
11
47863
267
776
45649
83852
591
12470
447
15111
37589
2829
582
769
159
395
12245
19099
1132
53112
10301
247
5632
395
2263
138
9431
21753
624
3585
29
6270
6299
71924
1921
4271
485
34910
1871073
1160
202
900
8471
339
105684
867
468
2238
17194
12762
812
371
1422
2312
1341
36887
106387
3094
666
267
15917
153
1801
20362
514
1158
64393
26268
37654
914
7068
13093
396
91
102
8645
21469
15655
271
21202
1008
369
2605
2346
2817
3989
2172
658
58
16846
60234
705
10404
434
5381
37022
24483
28082
3797
572
1508
508
148
558
4898
18054
83
12291
1384
385
613
186727
377
4677
24604
33279
1148
4964
2326
2758
4385
24576
320
22743
862
10975
16433
717
34491
1488
13950
5156
1180
210
19427
102
1906
12044
62946
53364
450
1876
708
1483
3204
6601
1100
10264
7577
19329
698
638
23602
57114
295
15285
1192
550074
11189
17598
31029
31576
644
828
3315
139
148
12760
6888
39860
1567
2114
24262
400
252
721
7214
72764
622
605
11728
12689
27586
2838
1257
744
45853
745
15074
12652
9261
7942
966
10197
443
172752
17
45894
2390
112
32989
1026
1183
811
367
10743
419
503972
82
263
4617
262
20664
515
3673
107332
142
17136
1184
491195
4148
20825
103577
739
6943
141
418
20556
332
566
110834
1798
9133
5065
56930
14952
939
306735
1112
2335
5708
1970
73
38815
4271
877
3561
988
250
1198
42524
15556
1696
464
500
204
1833
1084
3821
2545
11899
507
2270
92752
2284
887
3057
402
21081
677867
2832
79
6713
1624
41276
3102
3690
53268
52921
535
2698
1753
326
460
684
594
105188
22194
34170
3082
903
570
533
163
6657
2562
1681
1023
584
9435
46
4750
28137
2803
24274
484
295
2754
4686
948
1019
2469
592
6671
9145
20665
185413
645
223488
39667
1192
294
225
7582
5798
1268
898
15403
315
60146
280
342
1896
7418
13159
88
294
3304
12696
1233
26796
6995
986
16476
3756
751
307
2074
1737
562
5790
8863
2932
605
453
23351
592
405
535
167
1924
12725
8452
647
4169
536
64
7782
3225
306
13815
394
49426
162
10451
5033
297
1295
1490
34200
135779
755
622
2790
30
2682
29460
10777
3207
172
675
133
339
29159
992
56604
26884
9792
34171
15527
87914
202
15322
2506
1239
636
2933
2834
2499
25291
694
1645
213
323
1487
18480
26044
7324
28129
3531
33200
1091
916
14671
617
1149
1537
1905
20226
975
1205
49048
1320
15642
54073
2918
3883
240
10159
16579
1160
20521
13129
309
2474
2813
21306
1939
5237
1023
218660
5201
11247
218
4864
1349
6077
475
3534
73045
162091
1805
60349
437
1056
11938
38961
11687
37431
3653
14945
270
48286
1657
530
30768
208
12935
44423
1786
1325
281
295
2774
785
4168
176
1634
44054
897
1548
91
324
771
108
179478
1723
370
695864
2560
743
2463782
45534
10147
580
2722
1364
220
11717
11517
6267
30337
208
12943
277
1527
358
288
1122
23126
71194
547
1431
972
1928
12320
211507
2491
357
29114
686
1661
680
5097
486
3405
784
177
21706
249
54281
2132
502
29961
1704
2789
647
1395
472
45167
1221
23049
3780
539792
146329
1217
1536
32164
3584
355
1760
1427
779
126
272
240
61500
55578
75518
1571
9497
2462
12327
1860
558
664
64991
198882
2373
2069
140
5496
7315
15649
10929
17349
7203
19318
26542
4222
2334
554
4734
5956
490
15328
3230
398
34299
13743
19370
241
1614
3111
2784
11000
15245
23943
11928
473
2574
405
337
3835
366
7585
802
83071
8151
13366
3354
835
1608
619
722
9190
6333
5473
15311
44556
306124
874657
213
948
715
7399
14474
12755
27698
28017
600
41561
381
5708
6488
4741
310
246
1404
35974
316
492377
232
46713
1616
462
2876
9543
23
16334
5425
256
370508
5350
360
1019
489
2824
856
32313
7976
44841
13410
1770
407
5113
335860
3095
123
1999
63217
7203
723
281
234
10823
937
163
1267
780
202
3852
27669
149
2998
333
16909
11981
1026
961
5633
3722
180
409
394
756
110348
187
739
3786
10541
2905
10095
789
6000
1414
16982
327
18235
3518
23
416
502
1608
1285
129
1182
27562
2610
902
555
32
16127
11505
1252
2805
2697
9935
2086
8089
2447
936
482
261
43195
2544
2889
350
79678
43301
6728
128
14381
981
8462
2910
284
557
4953
204
864
274
309
928
23661
472
472
1213
73095
241
1288
608
10190
1915
490
1831
2907
31513
597
712
1023
577
18208
3106
251
1892
2724
484
27
2536
1718
5616
1094
360
3411
319
11779
73760
207
4555
5860
77106
1462
2946
3109
3570
825
5411
3522
2906
5298
191611
253
15653
5139
638
456
736
12019
1914
2966
16323
145
47399
367
77631
109884
44944
1149
5125
2278
493
19757
3356
1179
4849
36
103
48211
364
1312
1846
108
845
525
216
20718
316
168
752
3522
1853
6805
597
5991
7334
98983
467
19858
1958
76791
533
1076
260
87
149
8548
32906
2911
17711
765
1325
4076
742
681
1680
53246
100
611
24
939
5786
31567
554
917
50802
177
80898
1703
84
1018
16903
5072
19402
92
6134
1495
203
350
2024
1236
3506
2293
265
5129
3518
328
1001
1676
34577
30452
2278
81057
33288
192
1137
397
413
6411
2742
388
282737
30419
831
700
324
137
309
72734
105
26921
8516
86728
3972
3399
3798
543
1984
36987
329
6644
50680
85
6380
5721
26
3863
1421
10995
367
12323
155
319417
2498
235
8875
61916
50860
93186
152
308
2734
407
472
331
1218
78
36
65970
1264
1083
514
140
28330
229
1681
244
611
3218
7552
480
1064
286
277
1583
12309
263
5478
1705
4546
4521
15136
9889
2129
2524
26511
667
67274
793
643
189
364
293
46716
1188
239
17165
560
13644
16804
700
1565
80512
1294
682
9273
94284
5076
1542
369
1157
11379
16979
26899
25231
419
5020
340
291
2241
8664
528
1101
1279
9182
112284
1835
42678
227
736
19705
4027
13371
1504
474
5172
10845
1553
91
7046
4582
249
1088
448
52717
172
17485
55978
1022
1674
7935
11056
568
2330
613
26398
25
5689
3228
2368
57734
1896
929
11294
983
442
3897
233
39537
1802
197
180
53039
37531
99
236694
2172
859
1488
83360
3097
705
914
177
9032
616438
39044
487
2113
387
60891
2501
101
778
980
3189
342732
572
7895
894
2098
4806
829
529
149
444
5088
3584
2770
512155
12576
1744
155145
1279
811
563
773
3615
25118
994
171
11266
430
2947
70
6780
48568
406
1614
37157
3243
75949
105384
230937
72929
267
130
176
140097
3562
1389
1078
283236
126572
163
2675
1523
3970
812
29444
786
15965
141
269
46634
731
255
56037
845
133
7942
281
4624
58761
1090
391
4080
1429
122
35
3022
1783
4012
29921
2884
609
594
10005
361
547
21058
6523
6788
778
1743
179398
851
4249
402
4835
10766
56770
35121
86098
43864
1970
3750
987
1767
1537
1812
267
24982
4739
119
5002
578
226
352
198478
1477
365
654
98
5156
2944
8704
2188
204
8711
5151
6750
3292
12676
690
3071
201
3325
71899
3576
53051
58440
29103
3025
1819
1168
2190
722
1852
431
329
9325
92
8695
3453
597
146663
227
1663
110306
20938
486
2493
336
1888
354
1970
1499
1421240
26110
1266
5419
729443
11212
349
11585
1026
587
8313
1587
18559
287
27072
52451
22550
932
3805
135
583
1899
2660
3321
868
415
829
22147
142
8324
359
7003
718
586
331
1119
3350
153
101
422
1601
2894
4068
616
12224
1737
383
587
1447
1318
1878
628
1966
206
1882
126856
1157
29
1034
252
76241
5241
11811
155
1104
1679066
34937
1508
465
10910
18982
859
2103
148
986
227
1555
27552
9804
1811
211
576
6385
3971
1008
368
27677
156
1182
11136
29608
222
2309
15485
795
447
394
2956
2889
51777
14811
1268
138
83084
39012
597
4857
310
3379
17261
254
935
2201
3443
5070
154
19
8098
463
1294
40413
582
340
76275
1854
12927
945
54
200
64570
2880
22809
146178
1379
17170
6832
1654
1922
38024
2976
1607
359
1282
2625
628
247
100768
2196
2611
29966
37425
7006
104
25
31950
932
2442
33014
771
742
67595
649
1765
123
826
516
13175
1965
2954
180
54
1861
2130
2450
37608
1009
1961
691
5976
11451
15424
11667
93
623
1451
422613
2463
22866
12500
799
350
1479
759
5728
11758
930
10414
84993
343
2685
5398
31650
110
992
1189
710
8855
107285
1035
748
7567
1914
305
39981
694
829
242
65
998
141
78
20205
578
1885
436
396
2223
143
2308
7410
35112
700
7684
10304
1979
3413
2203
373
308
2034
85920
1788
13724
2980
3388
126
1151
237
15
1109
263
8088
63275
16741
3583
1027
5003
79
548
345
404
21135
1370
1685
38
295
837
759
3251
274
11120
324
336
2541
6977
7867
64084
27199
329
501
56519
1234
390
59312
230
574
39992
181
6570
13931
200528
17644
359
15462
1940
637
23978
1988
1801
143
540
64973
1518
883
4416
1158
23205
3922
1196
91
2015
9545
3966
1296
2287
59446
10086
724
7496
886
89437
92365
29335
3046
10316
5869
108196
2644
11723
36937
4972
177
5339
404
515
3814
809
5245
443
150890
11520
1478
277
834
2277
17213
1141
12106
5302
852
13318
11330
1343
95
9821
91
629
1527
342
410
5078
2249
12111
15969
2753
1568
1515
1176
212
114
81151
680
31247
6798
1382
16961
1017
1288
71450
30661
32677
1241
183
1958
1319
164
608
45
1709
461
95
334
63058
56793
846
1247
1629
1217
18939
1794
1777
55
132
703678
1491
124
1722
23100
1050
598
1757
731
260
3373
278
2364
174
2451
402
788
21123
1326
6335
2808
6495
1419
12625
29762
5122
70979
243
309
3290
397
239
71836
20227
15122
6537
8344
1323
13376
17
57777
76949
14170
1031
16004
368
210
1590
1102
7731
1474
2945
1078
831
568
556
4988
10533
12393
1376
2954
16856
383
15969
2183
94
13244
131
462
7676
2431
14055
2670
1920
1270
44987
1446
1705
957
231
101
19303
6125
2678
1303
123
7858
250438
178
131
739897
7951
1631
82657
6465
12766
1898
2216
152
308079
1198
49688
432
442
232
1500
213223
5417
135
1660
932287
721
2713
3161
145
3392
2179
1088
938
194
30552
11591
3731
323
9989
159
7720
37160
408
1164
1582
14187
3250
1055
602
355
41116
141
1760
526
2505980
750
1021
22242
12137
3182
865
5773
8693
273
821
32366
10007
232
24139
2850
1169
297
1171
2528
9964
4603
667
463
2534
59867
29146
8087
57701
9849
1498
15446
1526
2876
1342
232
3180
309
23280
475
2887
501
1612517
7598
27407
3422
5130
95820
3560
7015
12627
181
2661
682
13460
18197
194
172
192381
16579
3417
4737
156598
299
5241
3329
1168
291
997
7149
3668
25739
27491
23858
741
19995
329
853
400
778
134061
1492
96
559
19307
6771
27839
492
495
347
10048
573
5504
3322
535
511
11675
832
23374
962
814
514
8617
9023
1145
2040
604
20508
38365
3829
581
13490
3288
603
1845
4040
2572
20622
39529
1058
477
131
8061
114
190
340
86098
497
180
2631
382
2822
1157
3773
527
68
16824
219548
805
939
244
10682
34652
949845
73
238
53
60455
109120
1804
2989
552
56903
22267
295
30117
1080
13257
21005
946
22
6113
1360
136
155603
4231
31713
108394
78639
326440
20127
83593
139241
16719
735
1069
20404
1846
2272
826
3910
120776
3403
22382
559
116687
5085
1187
10601
8420
4339
4356
1301
613
254
703
63454
3730
1233
16446
133752
784
2606
5390
196
1853
13965
39502
300
1445
4373
13498
735
728
1160
327
2642
1694484
795
381
5605
1884
414
649
31375
2873
1073
2329
13515
20328
264
14012
18038
1470
49149
1863
172
34486
703
6049
962
6021
44340
12557
3689
142771
152
2204
706
1728
3744
24206
2818
155267
963
12247
117
51
20080
1880
175
36796
1787
11365
781
6850
155
434
3543
1248
25046
1638
2854
27166
2431
703
5122
283
732
824
1723
8418
200
21842
628
229156
5820
1148
10502
365063
268951
682
181
676
1188
60
102647
5526
332
1964
963
25683
505
2232
2172
157
17601
8644
3033
1791
5216
3169
10322
10500
425
343
2328
24015
1738
165
628
24623
171
7749
392
214
2051
64
872
37622
19848
45428
2192
220937
12813
4229
21062
609
933
13952
8242
708
851
113979
14590
441
8357
13082
585
103277
1471
50
54682
4644
19895
434
5820
686
859
9008
3225
1384
1872
2997
1037
1111
4155
13709
12246
4603
2909
961
570
4043
4348
458
916
50828
7446
441
31742
1006
2245
580
332553
38230
4322
1241
498
290
1954
278016
40594
39840
32334
25314
664
2248
1183
1239
23157
685
8004
11013
24991
648
2012
24184
152857
77234
2546
5251
473
5033
364
1052
1103
22068
1380
11604
3051
351
213
15211
10852
24419
54
5858
62
14570
3917
10528
6985
618
1870
44994
77870
19077
136100
8314
188984
1763
1829
2972
18735
7396
2419
44597
19221
18615
1659
1030
202
383
377
755285
12122
410
917
1012
5507
983
6832
85155
6933
722
1245
92
242
111287
9724
1797
32821
2095
6840
244
1466
921
1446
3096
236
845
808
118
807
1860
25406
1956
970
322
291
1130
84431
3009
116
3205
278
222
1198
374
10128
34
12745
14508
13164
944
2328
80626
128
90778
299
13484
361
416
3852
3869
931
240
26562
809
4253
764
1468
4976
418
505557
5463
709
4175
50052
212
102945
14792
3290
5355
4023
96
33100
521
2731
29097
3824
19697
872
17662
7061
23144
4015
91
1572
615
1195
52773
6104
11
197
7173
443
20954
1067
9466
20989
65254
549
15171
120
1357
895
246
1466
1191
276
9171
98718
1029
327500
1889
508666
13178
479
9278
10698
3477
233
1565
4585
36924
1233
748
35912
137
609
22539
900
30663
19403
17600
14505
72375
73008
1289
616
298
622
64142
26083
41307
399
304
52905
148
530
648
39134
972
7345
12547
1073
172
405
42409
444
4295
145
23527
4509
803
458
110
249192
13863
663
657
13661
1920
7080
1444
2357
54327
1210
87
497
5414
108
13033
227
6588
549
2601
106319
178884
735
364
4185
3157
22797
9134
11672
4580
884
629
20440
1182
330
610
1774
2812
1494
3382
689
3172
6000
2083
6857
63
15899
306
7914
667
3105
46728
4651
466
13316
5535
82487
2882
1230
6553
538
8955
2987
1501
462
8911
1503
214
13334
7667
4077
2665
8230
1182
1321
17577
12530
73
2310
380
11342
2493
7647
21548
923
4775
1270
323
1936
8691
3134
1791
3135
5317
5094
1238
153
3344
1422
1210
14779
567
2385
1944
895
652
42053
11
27
2743
799
44654
129
60706
551
1598
1834
320
930
2525
279
2243
1712
2929
26833
139
138
19041
3812
32067
3670
219644
505
15413
13455
1164
2666
152
1920
3430
1852
26003
1460
1177
11682
2348
178
50478
636
13438
14024
1750
29967
3993
440
2444
58011
61625
1406
7846
3106
1882
1794
1420023
234
923
299
605
3733
95888
1749
13913
13404
321
20429
5281
4930
1827
111839
15
425
2296
88580
303485
288
18999
1122
2862
196
73028
30174
5068
364
838
321
46189
496
6332
603
12405
1002
811
3160
8641
345
3506197
8285
1686
693
127
395
403
552
1922
4376
54785
3499
860
28821
139
259
742
1218
82323
335777
2513
517
4504
6077
4168
2396
372
2479
614
844
2501
1039
525
7208
3575
15255
160
770
48723
392
42102
194
482
1965
747
7493
853
14583
3708
47
210
111765
260
758
833
407
3403
383
28292
1032
2032
1334
1027
35
2057
466
10273
1980
28357
74
1026
2487
525
1764
783
1050
3018
1882
879
377
1487
216
1060
470
2091
49066
11436
4441
4344
669
13151
7852
4721
761
8755
13726
318
1502
1645
208
4521
23464
1146
166
590
4544
342
36
1510
2402
1906
835
127
480
946
1066
467
513
98577
1231
851
7304
8024
2189
110
3357
308
203
10871
8389
242
409
148
2751
2269
14409
1467
131
29336
1075
18540
348
759
1572
9453
2658
1371
954
6234
379
21561
75
80806
3099
218
5810
944
171
151220
25284
749
9246
1051
819
354
1339
1417
59
561
4502
386
511
21736
369
23066
1931
1432
17839
18363
1881
3645
18518
483
5818
194
1651
331471
1122
27278
3941
2216
863
14708
1081
201
3204
559
19767
2226
1139
71
30748
31579
337
1166
231
827
1161
3177
25
1774
52
15307
619
2055
164189
2097
14968
9831
5270
4442
109
368
22981
411
2167
20777
6240
24276
1106
81
609
5719
8297
17334
974
428
48002
390
7074
129
1211
106453
260
15316
14140
2222
40580
137
3463
4310
3849
126
496
5197
479
445
39709
134
1239
13845
450
273
3849
12139
35984
6817
618
1246
3104
10603
326
702
180
155257
716
27827
298766
655
1082
31425
25
40822
237
400188
558
23334
16001
690
1614
5736
81165
866
81729
3537
2143
1846
8013
6987
1252
19062
13330
357
2297
1702
3334
1646
12186
162471
1286
36591
7020
144
7362
1635
749
290
5170
584571
1883
1450
29
954
41
116750
443
727
1516422
4035
11049
32660
14095
57156
7142
3843
714
6412
4211
183
32184
2623
7170
237
775
761
14580
592
198
63
434
12584
805
9315
754
92
38812
2093
24016
16964
226
3989
10073
121
337449
316
1710
196
46
252
16557
1199
657
1025
709
1687
59928
320
849
4074
190
2425
577
3736
1874
9546
253
27211
3067
240
788
702
7244
417660
1984
948
1618
1734
24063
1574
593
1692
32808
1122
719
827
2357
23025
5379
1232
36
8270
72107
2194
4885
3619
3542
2345
27957
656
442
152
2082
14788
668
874
1337
1589
3912
6379
2758
88012
14972
14905
144173
3618
3305
2715
10772
1290
1638
5165
428
88121
2370
25181
1089
54
391
341
2824
5696
40078
313
3023
488
1083
47
3323
18299
1571
396
21837
2745
1755146
8297
288
7057
29753
14338
1843
456
27580
26691
300
2485
2178
12530
438
1320527
155
4371
1393
294
45813
3513
7283
493
2940
39176
1415
1193
58
12676
4012
794
13139
62621
19160
638
4719
277
496
28686
690
25644
246
157
820
37363
168924
114578
3425
996
21569
755
41215
6131
3159
2933
623
1728
779
146
25
7510
2370
1005
285
13925
16527
349
27194
928
15168
3558
1415
1066
17235
721
1697
1814
6427
97
1426
5139
761
13452
14210
4792
1394
430
1038
5656
10935
10616
122381
2566
20128
246
1423
978
21281
834
716
7370
19565
14264
2059
346
194306
4421
125498
238393
739
143
38443
598
37134
235
1187
599
654
1226
6801
289486
829
1448
933
534
38440
859
2177
47811
12
2763
60894
4911
18257
606
3012
906
20881
39984
467
358
3492
453207
4550
2209
671
1098
2201
27390
7074
204
718198
226
1493
6437
51115
6024
19572
56813
3802
1419
4410
270050
448
4328
14921
418
4244
1658
37286
1518
1078
52095
3162
13028
2899
217
18869
66139
160
69
9739
713
28970
2374
44
6809
475
661
17271
248
3615
1127
235
4950
329
1634
776
364
16446
5846
1068
3065
1081
3873
6760
1153
1727
537
4694
1289
24856
95
17
390
3089
86426
490
342
126
20677
985
3500
534
3900
2832
3049
9059
278
4887
3615
61
298
14329
30040
1954
7274
4166
28025
492
16132
4432
16648
43848
1738
654
90257
690
1049
13643
671
1851
35445
171
2696
4783
4638
770
21445
110833
7085
2035
55
1665
2256
657
917
1882
2634
996
4122
32085
4846
1374
59293
2651
3235
36179
12341
41310
1530
4040
117582
604
536
105
290
560
2312
18239
13250
329
32864
3013
516
285
116
6726
601
1061
207
21793
191712
292
825
3808
312
4442
29401
34552
14980
1971
282
2206
3116
33846
377
317
1241
141
4168
210
19181
2622
46285
34325
688
7236
1325
3039
1923
141
7880
1329
37791
1140
276
2318
263
895
208
1839
17524
247
1157
1753
468
1052
5132
10264
738
4381
475
22063
3391
30352
806
293223
217
1512
1945
26410
378
5185
406
2329
88
2151
892
191
1903
347
64658
3599
779
2509
976
1509
17353
17818
569
51358
1565
1092
5388
1131
237382
5356
20921
652
516
116
20918
27009
9825
98
128181
1883
376670
554
464
18085
5944
201
198
19001
4404
72896
405
1590
1769
29513
2108
1011
380
202
1043
11551
7971
2484
177
11033
3277
36
1309
796
2046
89
724
104
655
1164
7128
8593
225
21374
597
5631
96
864
577
8640
28220
705
13666
98280
517
64558
268
1477
10463
71
1061
1271
5471
1695
110870
19979
2546
250
164207
443
1691
649
325
240
193
2715
4004
1550
9644
1177
2066
13395
3729
3005
200
7633
949
2348
2850
4156
2713
17031
266
1407
17695
679
759780
35628
1998
96
855
554
340
2734
6227299
66950
521
16319
28391
310
899
876
447
1393
3461
208
2616
3603
7439
9545
3460
171772
7658
45857
300
14804
859
1088
570
19527
1797
260
335
43021
855
2721
35073
30401
329
30293
854
180
860
341
1115
967
25808
1848
927
6959
3028
36970
38908
3629
2453
3108
685
466
25
307
3036
160
134391
2700
1059
1905
147
15904
888
15196
1849
19389
23832
1622
4718
8849
644
5429
7642
624
625
1792
349
2648
52498
97294
1697
2478
165
535
1052
337
1423
2192
120
109
23909
39
14170
240
7873
64492
7822
15750
730
266
82
471
410
97583
590
9861
40696
1503
23166
2721
504
1774
2309
17809
32040
5572
80
526
98859
552
1894
24476
8957
249
1524
693
34
27377
757
510
415
503
1654
202202
6414
105131
299
1708
615
931
1133
3638
19626
824
520
5444
54784
78416
52
2500
152533
1027
359
3573
251
232
70702
572
2351
118659
9583
98
218
3605
98
574
364
24626
280
276297
36189
49418
53409
780
531
631
938
393
400
482
194
94
592
1854
481
1469
1704
4998
28
417
21674
18493
109
670
30004
720
1172
407
32339
2081
13761
96292
2796
112
17961
14909
512
8572
6389
20218
472
43080
1492
1418
47756
4177
9620
9665
1154
576
157162
6538
10917
2268
2433
18397
3740
2432
28073
28747
391
873
1606
48025
354
11745
679
5432
1331
98727
1321
1058434
17784
1176
204
657
34360
285
63700
61399
13232
1908
1805
315
359
3443
242
8308
5887
24628
72
77442
100
4813
21575
1662
635
1753
348
289
1204
1167
29926
206
761
986
9421
346
4106
30319
3701
13479
69057
325
498
222
1609
2109
42511
1323
534
1159
5622
1517
5063
158
13036
3515
339
12622
47
1459
96045
468
2809
49147
238
420
168169
221
2908
29285
1640
1765
6197
2029
158
3080
6971
103493
1113
65945
613
1640
1699
30461
2153
3741
1001
5936
45930
1426
218707
418722
1278
48359
394
16028
1691
977
13894
582
330
3145
7733
14428
22
1598
150286
5433
364
717
2921
626
200
3501
8125
16276
96140
1311
2751
2415
93
14754
16273
563
5345
238
15784
3498
977
6649
4847
534
4062
423
137586
106
318
141
3128
16330
249
518
254
18821
338
487
2602
5567
13374
5232
30382
180
1755
456
95061
279
2489
253
870
493
251
3659
242
12940
3385
3231
10598
3647
673
1783
1859
3724
75270
1267
9057
1086
26060
15543
8055
17196
503
229246
52970
532
76023
133461
105045
23305
378
96
50
176
12700
319
570
8530
4411
7255
490
992
290
2404
375
485
3957
22745
12120
246
3420
3920
490
1661
1285
7229
7084
3562
1041
1485
1297
315
13665
1283
225
3129
1730
6872
1855
3763
6446
20018
31066
1443
33694
2089
435
3476
159
1073
365
533
49355
1154
41181
13157
34623
16648
1075
2252
686
3879
51345
1066
4233
425
1102
1735
108
96472
377
14891
3940
80327
3205
40053
850
613
2402
272
3183
2512
1014
283
158
261827
206
204410
9016
3440
59
305
80955
4549
346
1006
473975
92
67
1227
401
1277
79
1163
7153
571
2487
34833
2177
7280
386
199
625
324
1497
8193
1778
939
8400
1010
2211
1847
482269
519
5712
29880
60722
933
15278
18557
377
17483
2602
1912
2811
243
1750
22838
10659
185
126925
26444
10510
243
147593
6314
1914
43383
1107
3695
663
79
1521
442
6466
24642
1259
109
11749
17988
76127
2909
185
336
76809
1199
632
867
3257
40516
9117
16157
3392
23774
21004
2226
318
76
3380
8103
8225
4027
13273
7613
26273
378
415
86411
4249
7658
24879
2847
3598
45268
4756
3628
12165
6347
173
2924
17058
15760
932
406
55563
829
45694
457
1487
50208
1725
283803
33230
1841
11360
18837
723
656
531
395
5116
302
6544
1052
22173
260497
6909
1893
1456
185
30633
5921
4919
610
107
3792
3477
341
15733
657
8897
11093
937
194
143
506
468
4145
930
1581
126
687
2518
5791
25794
35193
3100
133760
2491
218
13415
487
28596
27796
3827
43906
559
2384
1167
6729
350
1378
551
1713
10850
3266
11228
153
520
53819
9696
43602
1277
995
1396
89384
239
1119
30140
2169
25169
15254
476
1091
2376
22731
1333
2295
80738
1074
4459
20746
26495
638
691
814
176
13538
10523
1873
110
683
48976
1325958
7819
34653
309
269
5333
763
1113
469
95
20662
203
4509
44589
542
485
71
11747
148
329
1992
51837
3755
12741
1559
9292
1164
682
1426
117
39511
4943
32
1849
480
180
847
10952
989
289
323
108483
15396
1525
18211
1940
28999
17356
1239
3567
327
93570
1601647
15063
33335
2107
38747
324
18141
114177
46317
43807
73573
2805
2211
1510
1590
3096
121
1034
1072
48
4333
9851
139
109
7351
878
94270
15566
282
241
3067
12552
166542
264
97832
407
475
3320
2324
7745
195
161270
24746
461
91029
959
1588
8887
3611
7268
90293
1111505
38246
407
7459
1044
14491
1307
87
1138
27336
26501
979
8865
6178
1135
1896
1567
135
756
482
9286
2839
255338
7726
577
80
4919
48408
16455
3832
1546
1127
155475
304
2642
634
22887
1439
200
3119
272
1347
10799
18485
578
125
35529
154
2051
932
3763
1408
4606
50568
10754
338
13076
2174
1127
2798
838
2764
5182
327
26274
23108
200
6795
4521
7221
1650
7553
2299
3909
2186
229
290821
2294
217
973
723
458
898
1158
87
7277
913
157278
25942
33083
1436
109
47926
60130
632
481
2090
31
597
1453
342422
108299
202766
21824
394
37685
19
5093
47
420120
402
405
356
67
26935
1454
2387
1149
9229
1987
10370
14036
2095
252
454871
5908
1197
49949
302
5544
256
800
2141
22093
1846
4516
470
549
50
1297
80
29926
1745
374964
2429
493
45366
9160
768
6830
1242
137
4448
155
234
50573
43896
436
2710
8414
2124
18201
2749
1040
856
48216
1281
94518
94382
523
526
940
14824
8776
547
1053
439
392
17870
34699
179
1390
19691
1708
391
18599
37125
11743
237
4711
14313
2713
21
313
493
38414
37525
14212
71596
55
5405
125998
1873
4087
17560
133309
230
227
4143
7277
434
939
13146
417
861
2568
6965
3661
1598
2025
6391
38194
24485
2282
130654
482
13689
3342
164587
1512
133
201
246
520
4900
1660
4242
1527
2289
10158
670
8292
37000
254
620
825116
4857
10332
820
244
21768
105914
412
51
116
5240
1202
7032
86
308
57951
246908
399950
1905
391
16455
232277
8691
506
1177
223
435
1782
1110
390
11700
11928
905
906
55952
71
624
70484
1300
5150
1318
4158
67
14139
1317
475
129
341
1380
1084
2043
573
1288
2070
319
2863
990
1914
123
303
3890
1565
351
401
1428
26068
1113
3342
670
20530
1339
2724
136949
6584
36921
222693
126667
1501
1499
3761
3449
50333
709
1185
1035
62291
47016
29627
14958
113
54309
732
4905
4740
159
16541
11016
2655
3036
1139
4806
2286
118
1626
28762
413308
1399
1051
54355
3563
14135
17355
7796
14545
22837
21616
775
2661
626
7948
105792
97
2928
1142
485
3735
4658
25661
630
1058
697
6587
72
51874
29558
4583
262
7657
328
35034
1240
5395
17258
1850
6193
352
153400
33560
21334
84
6183
5915
3238
10984
1136
17519
327
1222
888
14384
10980
808
1157
16521
9609
441
495
3879
893
598
12547
15611
13376
663
190
6772
2826
563
729
37311
19002
1294
197000
156829
39968
32087
1588
5774
744
422
2808
22170
22036
308
645
729
23862
9519
26772
82
4152
785
7374
219
1731
2594
1812
4684
2609
566
1816
1367
620
1094
3783
7020
2156
12193
15195
3167
4498
876
5601
73448
829
148
392
930
49497
7009
1168
41121
473
15616
110202
86753
222
3840
538
171
1012
18815
5325
1298
4352
22953
2153
507
83
746
23981
630
235
63665
161
1644
10727
487
308
259
1052
2954
1495
39
178
131678
3969
2004
29094
335
10261
64731
610
21049
16769
3225
392
13554
30900
11373
78218
839
904914
216
378
26505
191
3771
1923
1326
27531
321
1593
3884
53706
2172
30
1424
16945
3415
744
4195
1002
2137
14511
13
9279
314
3269
1166
12532
336
844
48676
46532
36529
2516
381
43261
174
746
2144
16276
1048
690
1198
86241
1087
4227
4347
9215
112713
700
9975
1301888
521
15115
3519
323
12621
231
455
753
12987
36932
10039
57591
2719
440
2622
701
496
214864
13656
456
18609
1253
30933
602
10835
26126
1111
2929
605
7901
25347
827
110295
302
312
4151
335
236
1838
121
19214
2138
1366
3594
2299
2299
444
9339
4387
2516
769
1007
39415
1339
19856
314
119945
1316
11858
6200
1299
134
1377
2365
21931
89598
72117
11745
608
471
7772
2460
3466
525
10334
78
554
321
2386
463687
5948
13649
12697
62068
530
3737
4921
2625
1100
77515
411
15672
1535
43587
676
2560
3900
986
5728
1708
7587
295
21474
1476
550
1030
690
3914
1183
9826
107
32070
5979
433
19700
31644
650
222
492
21718
569
248
1560
121271
54
4196
529
39498
249
582
198436
24351
1310
2478
1493
78
891
331
3461
38281
609
586
213
959
4302
116927
1527
6887
17377
1362
81
5082
1041
360
346
447
762
486461
489
117
5704
526
661
3656
3545
179
620
578
113670
3126
250
3344
283
323
1749
4714
1334
808
878
357
334
874
2152
2531
86
138
408038
2073
1998
20270
27009
378
11748
227
8320
295
1625
5779
3223
240
1222
56498
861
1250
1207
12616
1706
727
350
502
1533
7294
1156
27986
524
304
617
7256
2767
5130
1542650
1431
293
9453
2065
6450
38577
11895
2751
1510
4876
2204
16708
22089
2980
205
166
1182
1557
72657
311
17538
109739
2518
13757
2862
2050
412
1337
220
2669
68
43888
1139
24641
11551
2081
963
19160
2159
284052
5664
4394
439
19851
2620
3489
808
1977
168
2474
923
2124
880
4780
756
25979
248
483
1922
445833
203
13478
3555
612
2257
597
9530
2476
311
238
3611
15261
115094
7421
10246
6288
62290
3836
2676
1111824
438
17104
33873
869
72339
201
186
13603
3674
956
712
2155
602
61364
328
191290
6175
7721
709
580
48720
47581
463
18131
6271
4780
13698
302
44455
2738
3458
216
76688
2914
2942
6671
117
2626
2545
455
58850
357
3662
40268
42261
17902
3133
368
8370
1069
1953
138312
1656
865
676
209
6218
80022
1467
1244
68473
895
2490
19165
14573
180
216
1520
2375
13477
2958
36879
3002
974
70379
605
435
4949
991
69555
683
4529
3134
94090
475
204
2076
529
9758
1495
2188
634
13062
221
338
1345
367
8040
1193
1771
847
549
70106
5025
5713
1628
12736
12346
23182
12736
31690
759
934
3239
228
1378
693
4166
417
693
34571
17066
5259
1411
28633
2996
773
546
145652
150
118303
272
14198
6148
4130
276
3694
1806
1330
659
371
3718
18705
3760
674
180
3602
45987
473
16894
886
4065
9449
11098
523
1157
14061
93
1871
17556
17092
350
409
2891
15892
1198
56029
457
535
13291
16688
462
4916
1289
59797
390
993
10821
589
823
59032
212
3255
434
51969
24839
43571
15063
35516
814
1721
291
1682
2154
2482
384
28979
19088
239
22644
3917
387
3721697
1609
2617
3182
363
586
26252
298
152697
432
2896
24622
87952
28466
985
147
469
439
1354
333
932
843
247
15321
3710
19916
4214
946
14178
9948
8621
26755
280
136488
3264
127
16787
536
2200
672
743
873
95
245
500
3578
2986
1066
2013
3622
917
9914
973
79054
2452
637
25145
462
1275
27305
373
2442
1059
1552
149
1165
10181
6638
9199
348
4391
151982
1030
1076
3428
1059
2072
909
201878
628
14256
2180
10869
5809
3633
3878
1397
5036
179283
16500
4667
4670
16333
26640
393
3579
253
3569
322
197
420
426
233
8539
469
1503
482
2146
4448
196
406
186068
1128
4973
37
50241
1160
3800
11338
157
104
7758
8032
74446
46536
28059
163620
172
14197
42364
11251
17598
283
8
6578
559
171
321
6800
355
1627
1982
19596
50673
515292
4099
633
5314
470
56519
4682
5966
76710
11544
53248
16900
2881
626
217469
1247
187
1063
274
708
311
12463
3497
142190
88049
3625
16978
39012
3545
11459
89065
609
75797
224
12748
462
23701
63617
324
819
430
3664
14138
15376
416991
89863
53
15026
187317
353
75126
196047
37
24890
200776
135
417
237
31938
169
361261
438
3669
747
228
5947
33203
2352
205
848
834037
1420
1682
4790
816
635
225
3543
7955
914
3967
1303
36530
795
142528
181
5572
767
1619
14543
2584001
210
3910
2535
380
709
484
643
8823
1650
351
106
5610
9435
46135
838
2621
228
14453
30114
6321
17286
2521
3480
12290
15056
15676
4118
28310
4221
116626
320613
8091
1436
602
766
10374
2320
14352
77
280
90
256
113749
784
327
18887
101675
6515
983
2682
391
15459
83
17100
1990
1013
1699
293
621
14325
727
345
136096
90
368
853
7804
1212
23374
658
95610
149
1050
2204
488
235
118892
950
875
602
12943
14379
107877
60
914
6743
57161
745
544
339
823
331
17284
263
433
183503
217
8
120782
16395
23331
1110
293
1402
304
313
7954
268
28940
1901
13093
25978
156
8117
4421
822
10768
2322
69487
633
45318
1172
238372
10620
12138
464
1604
669
1496
2286
1676
577
2159
52061
895
36679
907
1285
63625
5315
4837
320
2539
751
1844
425
241
41897
15205
1196
1084
33898
22242
224
262
547
16045
17364
159
39476
2035
29
800
44617
580
8825
6613
3532
2674
6306
589
11128
4048
551
256
7252
7783
6540
920
24238
3487
1440
261
3790
560
3770
44537
81531
563129
773
731
11121
16080
21013
92
1765
241
8864
9997
1092
22457
447
183
718
11593
43733
462
2357
558
448
12795
4841
9150
1386
129866
18247
323781
7279
945
1740
955
4302
316
5483
248
5873
2521
10957
487
18818
579
138572
178913
9459
3463
22334
2131
2294
22033
1073
4310
3491
58138
163754
2146
8117
14293
200
3591
10243
1525
7880
374
2579
99
25091
865
2249
8578
280
17229
29023
109
2045
1713
1346
7773
333388
118
137
189405
413
6025
6201
666
8765
76
8402
1472
85399
1644
5957
9732
15427
7277
1181
24925
16724
14897
1728
130
205
131
757
26228
2833
564
1632
274
838
2948
478
6375
13387
992
689
755
204
681
105
1756
132778
6526
110
37642
98
8993
53992
6799
923
1139
205
772
16335
7474
14488
155
800
270
717
15699
7698
986
13160
2040
712
10132
3022
851
951
673
21077
667
138150
572
877
18524
1807
991
246
14187
7083
21
1118
2188
698
1770
21
10753
219
1156
55166
2851
900
24379
11136
14553
56855
816
659
951
757
222461
387
296
1200
2060
328
25329
6093
226
42497
15887
4077
1100
6681
19106
1325
2787
26235
384
431
277
352
146
2954
1694
3523
23
2226
4941
1552
1411
10907
10687
213
1676
1289
225
55
2486
9609
3109
29889
3447
40113
7489
6017
677
5139
13210
1099
9326
560
3609
606
745535
66350
1089
348
375
1404
621
1069
1094
351
2815
1104
13999
3014
181
203
105850
446
531
677
13822
461
162
916
50291
11438
13121
1388
552
12950
2963
2352
4691
430
1791
224
550
34247
8439
162
8497
1643
138
70042
137
23441
21252
249
3281
810
370
3100
13213
4287
280
38200
173
5386
113
2326
13196
10832
2344
447
2795
10408
641
20
263
3470
50
1582
16107
22300
258
457
2528
5043
28167
31333
281
366
1265
1444
1600
19385
124
1767
2618
14770
313
710
2620
268
1260
1393
12701
1240
1093
916
131883
597
2648
484
30051
10993
328
204
489
1371
745
101625
43945
2871
270902
2466
21825
1061
3512
3798
38106
9007
51
398
1077
1638
358
4009
879
3408985
13783
3021
14210
1218
2186
322
49855
271
1914
297
555
295
1523
23189
19820
2054
116
161
1281
7059
34527
979
350
2918
97
5948
152
1051
1986
31499
2014
478
31444
312
921
21830
6671
1546
1087070
1126
190
5035
4436
2097
910
9080
14452
5821
3945
162789
219
4395
1142
18265
47768
595
81
3002
1590
969
1064
47911
4266
133602
1743
7498
1511
6705
986
235
10261
805
9629
1644
5459
1462
148
1611
36343
487717
2340
56458
11428
39023
85182
20420
3687
412
160114
1974
17
348
560
3210
11479
20612
2188
103
1931
443
2742
327
87
1858
708
934
18780
87567
663
8241
2863
19418
13459
15497
4373
31232
4565
44
18555
57795
2734
140596
400
83
12016
2525
3798
3058
708
2680
26788
2509
806
7057
303
881
878
2669
922
58
24104
26985
132
110
131095
28915
388
382
105698
389
394
488
158468
1899
11248
958
187
3785
30431
106
2579
1755
1768
1496
5512
740
281
517
1755
960
113
4106
94338
1989
3785
41288
191
120
10605
7703
2727
1595
528
213690
1299
311
29
617
253967
671
1950
25554
9299
1283103
5907
1372
2303
278
5002
1473
60507
557
1608
6370
1974
7717
1338
33289
3821
28
468
450
165
1753
644
1373
3861
3184
20194
14663
101
5424
131
7191
1133
567662
404
827
28518
22417
376
15361
317
3397
24494
348
30787
9085
490
3596
15755
3518
523
703
2679
27458
6427
1151
456
9125
13255
656
5582
5868
57659
22763
7154
572
3610
20349
2688
199714
49
8127
259
15844
3944
196
2429
64
1350
71035
3265
13975
512
1085
1398
1577173
46
1082
1406
19327
898
13859
481
656
296
4099
411
647
234
2498
2622
1120241
7096
7806
5800
370
1564
267354
29
858
3298
870
647
19535
8751
1291
535961
280
2504
4400
24328
14518
780
176116
49651
12584
61181
793
16070
565
1023
1133
690
30911
811
311
39346
117344
256
6568
105
3421
15036
29457
281581
7902540
3006
7418
43165
974
12139
48478
218
1624
47285
215
505
1691
615
1480
522403
3189
46
2327
42073
2393
34031
580
38
129643
240
186
1512
317
6466
1365
1969
414
9891
165134
2457
1066
2735
395
4252
4052
293
91899
2783
4303
1231
4147
825
3444
1927
339
231
108
501
16530
918
3749
634
517
34
852
1489
2710
138
1651
1115
150
12801
232
474
23981
530
196
139370
338
56
11732
6793
1285
932
1651
1509
13080
26987
2981
35166
338
1270
4302
891573
266
1034
266
318
388
1305
491
8910
38454
2069
27
11989
344
14003
733
528
3064
480
445
62006
23834
1765
8046
1986
5310
2282
27126
3380
1697
15514
1708
31526
1083
30143
1695
312
12826
24806
1179
3109
64
2962
1377
1918
13105
589
23566
1479
1038
763
1503
3072
19089
3038
26001
1397
782
31743
3414
715
6259
116
1814
1007
2009
2303
759
33422
249
221
5000
21588
2457
52320
28134
1856
11123
15319
160
11477
6001
1263
1479
10475
10631
1498
47568
135704
98409
48188
644
2641
24977
64
589
6936
776
1180
6546
1854
430
348
2739
96
28940
1787455
596
246
646
784
13082
65889
13901
490
265
1616
750
3479
194
134178
1153
791
15920
5485
646
1129
5862
921
3188
6628
6862
511
16274
758
15
26621
58
512
1942
17574
1742
2997
3761
5875
1457
173
179
1130
3657
1415
53128
397
822
7397
2693
16412
86578
10385
7059
20272
15577
1926
15186
991
294
241
1701
25189
396
2437
302
95
1407
92671
3135
24164
228
39999
3411
13722
1018
402
492
1166
558
2222
183
342692
689
1867
7584
3148
39337
1384
1299
8864
248
125225
185
130133
1704
2639
174
43134
3268
110363
3072
615
456
1276
6672
4717
235
887
189
1683
19326
223
463
1117
73087
3570
24372
826
977
3211
650
6866
6019
5600
3912
1209
32927
133
21679
1097
2453
376
13007
9638
1639
4609
279
608
23495
242
9594
112154
473090
16956
3380
308
44676
86
26980
3523
5544
228
2182
64297
2093
2814
184
214
353669
513
40283
10550
12794
212
63
692
66969
15460
434
58040
2917
65299
13153
47011
914
12094
267
23618
814
636
404
37771
172
89441
945
11319
523
6961
1474
17546
661
1103
112
304
1944
1697
1338
23037
331
95
28481
52154
17976
2324
31363
161
20127
66
952
4988
441938
13768
1572
140780
2471
5065
2406
29951
2198
88
1456
413
138
3119
579
6568
10596
20337
1930
1381
319
20258
5718
9496
4829
511
787
538
367
751
163
7942
2697
281
2114
391
15367
1058
429
339
347
4335
18200
7699
3353
13026
891
7151
468
314
179
3815
4394
598
1650
273
8098
1792
14047
209616
16342
707
1492
1372
130
7437
829
2787
671
548
2477
20461
20
55554
307
2835
519
2229
491
29546
750
5349
712
31786
1226
1757
2033
2287
206188
7201
2050
2706
708
31591
22689
192
296
329
190749
12082
317
173
1272
367
524
889
838
57262
965
364
654
1981
4302
36364
791
268
3973
482
24626
5857
20327
55
3088
336806
1210
117
13140
231
1654
6472
1927
6518
1868
15363
10338
109
3725
1492
174880
39615
206629
9474
673
269844
2941
1030
865
487
582
537
1308
453
1183
4893
243
7205
275171
93339
407
11358
3910
4858
387
188108
2022
169
16382
20532
4248
233
7358
13439
2928
623
16768
1173
13391
4914
27557
3959
7326
1846
270
4622
174
315
4515
3121
4359
693
11308
1330
1017
587
29081
14842
3443
1075
1209
358
189
3492
1954
7825
5256
2670
7163
428
196
1969
3837
2922
2321
391
194
1218
39140
29467
989
30447
918
17127
5205
647
17994
691
266254
1143
1909
2184
1411
238
4664
8271
12138
4911
11378
43981
20282
42
627
2924
138
92
62013
771
89938
1637
179
85661
905
217916
50457
27142
8568
659
7521
770
345
55318
1966
131281
102133
749
2969
85077
164
109
531
508
2576
2204
37653
1204
381
100896
59
7568
81229
5044
254
31771
1794
197
2169
142
1392
14628
1085
9371
2910
40467
20727
2163
128591
2373
14458
10144
788
2935
1046
278
1178
1184
24262
15028
2414
318
805
4124
8238
3676
441
204
917
1017
4406
713
230
4125
1264
14433
212
3184
18778
6029
12165
793
344564
2086
2361
167
2318
17368
2063
752
171
13036
41492
9391
19617
272
8604
4526
1938
6325
2539
12124
2159
6481
8047
16982
16426
5182
4658
129284
3233
8959
565
12648
795
266
718
43664
130892
608
53702
4856
4919
35855
1294
100051
81241
370
230
16269
291
613
1579
5543
797
8506
1096
30
308
17241
264
239
11179
345
110693
1998
1772
7617
53146
1580
23754
877
3419
253
1902
555
3095
3786
599
1640
951
1559
29310
273219
250
844
3318
33359
5648
1152
940
2851
6466
3808
17683
2163
617
12274
1568
1936
17821
1641
9367
43027
111548
185
8427
3987
9019
28495
112208
10391
699
27653
621
175
12
99
4126
548
21881
5899
174
1962
346
593
265447
24343
2633
189591
187611
10120
5214
27915
317
10389
1591
45295
311
558
437
7756
8387
9009
22522
325
34966
1205
167720
3064
406
6245
2926
487
9886
31
3247
987
116860
264816
167
1045
32234
7699
927
232
14436
2402
4162
26118
2576
19657
3901
19950
290
39822
9423
309
465555
186
819
17907
98249
4200
3572
309
546
7010
10787
18371
112907
344
830
12692
681
4300
1255
2156
303
7622
218058
3059
485
196
2627
7310
222
6473
754
800
17341
3188
584
6453
236
532
13780
263600
2655
5706
150397
5741
580
720
682
9772
17757
181
941
577
14595
1115
288
1038
323
445
8677
5445
19958
554
11882
8947
6099
137
2312
300092
1549
2363
161401
349
1420
7934
1735
6150
255
27520
440
11082
2005
16346
2630
296
3089
1347
448
630021
6812
14340
2217
1250
603
4533
1310
15437
1831
715
13841
1213
19566
4869
180
16688
509
3110
104
135
4757
1730
712
382
2894
66959
109
380
18998
47791
956
27236
632
247
16263
134
1818
4156
27
25921
675
1341
5543
1926
8762
22453
187
23815
35727
166
167
9520
1805
72453
60
1013
59749
469
3327
1061
796
640
4093
5586
2254
14329
1312
9788
38766
2530
8412
254
245
107
14495
567
1067
5130
1309
1365
9275
691
460
2233
16607
29605
158
26389
6930
13282
13591
1997
1500
1056
592
42435
1794
4026
593
498
622
559
1543
589
26846
748
10222
1028
24119
26546
578797
601
173
3268
6927
3526
908
115
105
752
59
507
605
367
16704
310
4517
5629
956
35955
677
356
3558
1874
63275
8407
389
137006
2594
65103
2239
219
2085
5704
497
6810
1851
1110
2815
1287
1144
298
847
690
4817
4130
285
123210
56
2529
18063
319
36289
2161
1417
2818
766
28082
22967
2415
777
7360
7251
4048
31185
4136
11013
20695
269
372
21664
336583
949
2877
1414
1095
207
4387
58
1270
3516
3666
10608
34335
1873
29
932
90
502
4477
1296
14889
648
1401
2817
289096
333557
119
43222
3610
261
631
37835
3110
21783
237
211812
636
4577
108
56921
511
34930
1828
2372
1567
472
2867
1271
592
744
3600
4025
5145804
730
698
1608
29358
7215
103
223
58709
319
251
4013
1604
32483
559
2937
5067
21217
44288
82
5015
331
7824
249
7976
388
5933
1570
1279
598
1506
25
1361
1817
664
742
74
808
2989
8775
331754
1908
9799
15
16245
1308
7898
25
6348
32051
5817
27014
959
2110
3988
11811
677
215
65735
983
819
43994
373203
1065
10230
30995
245
18944
9149
1152
621
4943
783
240
3190
217
277
18730
173
22951
5864
1127
5297
1365
5062
25083
418
415385
269
489
2237
153563
15048
269
192
3883
16475
3936
15416
13476
972
16284
1795
1336
3855
199
13502
21049
31
8548
1353
11132
3897
10081
1747
454
1308
1046
2110
1162
8074
374
230
1499
28922
1034
296
3194
379
106241
1000
7226
454
654467
491
62726
2084
12722
62878
6955
3214
3430
2102
80673
1461
71950
1330
6643
433
61
12460
43237
174645
534
1235
840
1665
464
299
508
1931
94
32726
1150
802
748
166
345
1033
1088
284
12417
202
3801
6071
49
1749
51
958
3569250
6523
5181
13007
1551
15484
1730
145365
4267
52
1260
26613
1193
964
469
422
11128
32043
1064
743
316
1421
941
206
19239
4652
2007
1245
225
20578
1101
16267
4938
1613
1433
20548
5643
161
558
690
1301
1233
233
3149
1526
227
556
2228
710254
10717
16300
65
516
919
1697
770
11461
16687
7337
5534
2011
1422
354
481
2024
18390
242
229
26812
559
134
632
94
126187
2698
768
212
2594
298
84940
33332
15925
3516
70740
656
17118
844
7551
257
1128
1035
99
797
2476
5244
613
2589
524610
506
156980
1208
711
21454
1287
13090
10372
4124
91
29565
4119
10204
98719
475
231
6428
31683
291832
9907
3984
61057
22038
1687
1777
40148
15710
1159
153804
2749
3088
125145
5732
167
4130
54357
3802
2739
6394
1003
4359
551
352
19250
620
10759
646
1578
1037
12884
747
2773
198211
2627
6578
14979
962
393
13072
50691
1358
597
603
29812
4334
16012
783
12296
68916
488
2244
464
534
7986
3760
34387
198366
835
6427
607
1274
2767
19454
13297
55929
732
5859
1019
175
6083
1907
5367
925
335
94
23247
16857
8460
592
48759
8291
17462
16793
131454
732
29635
3466
19947
186
16079
127074
10796
1690
4212
15644
268
153896
28905
1369
92
9409
197
387
2398
3173
8827
535
1477
3411
1544
476
103
22
1200
14218
566
8781
1229
31154
113
4406
126455
178
1110
77358
1461
258
748
243
4343
1133
148
16775
413
91
59917
2225
4720
15683
577
230
304
63572
8989
1121
185
1024
565
1963
494
1353
295552
917
5959
16539
498
52
180
17112
251
599
740
2527
1342
6470
247
967
1651
1217
61413
1797
9411
15467
960
18
4941
1056
7482
451
437
79822
480
528
3162
42194
78804
649
4639
608
115831
10850
155
1404
288
283
679
17945
366660
77
2247
18561
251
904
11876
4430
3349
590
7291
2396
918
1334
423
3204
11709
2938
26948
396
80307
16470
10275
607
470
1100
3134
608
1394
229
781
1217
3192
88360
23928
845
8
539
1741
13310
13922
190993
302
237
87
3949
7278
960
1519
659
20128
857
24554
5566
17836
13648
453
322
47690
250921
1824
31660
1930
386
1673
1607
613
182
107
92164
890
174
181
582
1752
503
43613
598
649
11190
4491
113
16810
1483
1192
780
712
48154
802
1433
3942
474
3890
1443
758
8636
6453
335
728
3356
10850
1359
3414
5177
182920
3505
344
363
459
63940
3414
884
293
11587
754
251
8497
865
1675
1679
5973
15642
860
4527
276
579
62763
72966
863
235
71
11836
18362
4541
548
344
3220
1591
2501
362
3507
3878
9086
4867
445
11211
70
1349
4282
1285
674
6550
9912
1850
9301
1102
93
1205
24776
229
93
2648
90724
25308
403
1059
19
199
79696
901
10200
737
5976
15066
656
188
137960
1917
492
8333
163439
84
1990
502
38
1334
818
4212
3584
1906
279
197
1293
207
28
6943
1182
5720
9805
334
5670
5511
875
5874
2057
104520
1130
232
11605
245
938
9845
8292
2117
28785
1054
2332
175120
1752
203
796
148449
137966
4881
1096
89554
808
73814
5805
3409
1515
170924
381
147
12317
1073
25361
441
19082
5164
21144
483
17405
2086
3710
17
612
3419
3119
326
4422
69290
6813
101
253
523
37402
5133
26071
864
1732
1751
9304
292
524
2188
584
2605
2256
1369
9918
2828
1428
2369
2415
85171
7298
93448
234647
5235
6008
544
33084
10656
72
13883
14419
181197
756
1195
26624
2613
21344
1249
4368
190
1252
1277
26588
460
3254
15
359
528
15574
6142
9467
507
1799
30420
24464
939
198373
15491
1991
3980
2574
1761
43264
23533
8055
20217
142
4275
2422
85
309
53
22374
12152
16644
89217
7179
265027
398724
84619
166
132365
671
212
297
22356
25
171
30326
14720
24029
58453
1751
533
887444
495
300
110192
16014
2221
344917
773
76423
1989
368
14625
6664
471
35968
23137
1075
338
1669
3640
7376
113
397
628
55194
1016
27491
10232
2572
8867
356184
14462
1372
23730
1783
3088
4021
798
328
1027
8815
432
271
3844
111
182282
128612
468
675
1819
12593
179097
6171
289
911
788
64418
88215
21230
22378
22166
2433
220166
4471
1546
4577
2019
26163
262
1092
7850
20
755
3447
453
20297
515
3229
121433
18066
2974
37434
13
162
2073
32152
10147
1302
809733
121
9897
32124
4888
501
4094
25059
22795
3686
3042
1211
19728
1788
1302
56496
2456
503
17675
14146
310
10847
672
433
2197
94
156
47392
2472
604
309
271
143
25107
5044
222453
32312
1199
1064
22942
8646
50295
610
1874
1005
1858
2240
7379
8151
2222
2385
146
148
267
92
5781
233
299
59
2738
2121
5785
805
491
1524
406
10336
9165
9176
216
234824
319
10534
1732
40055
3824
389745
408
143
1449
4713
1871
26005
339
758
160
73769
6629
1226
25127
8090
24530
6068
342
2711
2140
1385
5254
3384
148116
596
3219
1926
3922
488
2451
883
1151
1786
1023
4177
3702
859
1897
28442
41848
23936
47789
660
42334
3747
237056
1147
299
7570
13496
7631
10622
133297
171
227
110166
3649
23115
209
209
2309
3172
142202
13750
305
8
1258
5384
1410
3650
2025
141768
8905
6881
160771
649
22693
7475
68870
5625
1358
2011
7180
223562
1068
33001
2126
2138
345
310
1539
69
425
6776
1733
821
206
209
274
522
1743
250
13297
762
276
13547
1687
80
726
13597
5917
714
220
91095
10756
3167
5742
733
480
135
112
344
53660
869
508
31854
2111
104
5345
1588
91
253
1437
11320
1724
65450
1674
244
11078
415537
5268
2631
421
127
1026
2075
4323
377
1740
173
94
1110
34062
85
805
954
1136
907
3168
37790
375
676
14857
669
22660
3249
2087
16484
206
2262
87
213
8638
609
319
6360
13630
991
1029
473
1859
2617
62723
610
17375
7186
4369
632
21100
14457
5713
2144
7814
23054
102496
5161
30638
344
15049
2336513
37367
16412
74747
10099
2321
249
1493
111147
246771
25030
214
739
415
18732
829
405
119
1105
1077
26281
301283
33491
13955
69800
4520
1323
147260
196
343
3002
21581
733
685
3445
862
19812
39824
7474
95
418
32440
8832
1260
290
2638
60538
3295
1268
426823
1616
2474
7489
4769
2405
4130
168
724
76
162
2235
38488
684
12615
5052
3506
90
2591
3598
1626
1307
444
692
17362
1130
1019
2639
17492
6074
26851
4724
7226
2003
23912
12343
617
5489
8171
4497
3456
7254
629
67852
2367
1055
742
486
91
1960
1678
1113
406
7975
2419
2370
566
4244
6689
8662
658
552
253247
5520
3114
894
184
2005
703
17914
28125
22755
307
1848
13504
111254
247
23702
540
1656
1060
767
2495
479
209
71
1702
1849
186
341
500
16738
8022
7171
1287
52
3776
128386
35387
6965
320
320145
44
1597
5120
110075
1275
5635
443
34311
405
1890
15404
2508
108
628
635
784
12322
946
4683
837
6167
211
2304
13
33264
206
758
539
8455
61265
1339
4109
1599
273
829
1223
2629
430
1682
457
495
12183
2004
639
16037
3220
1474
784
383082
1028
31483
25303
1326
43537
387
1081
972
1476
2225
15548
274
142871
1991
91844
799
3816
564
1713
623
912
1484
398
65616
90
4677
19129
8267
47483
15182
169597
2235
967
178637
1311
394
381
896
281049
2041
14806
707
3188
352
6243
14559
4577
19964
150
14624
74
6229
87361
392
204
61455
367
161
2204
5155
14862
15996
28814
12072
1461
552
294
8509
16355
26484
2795
2436
649
21003
33929
1620
1585
5973
12448
1803
1763
871
24315
17037
70797
38794
926
12723
1947
973
1410
783
3219
92
10291
189
1196
432
474
1764
14255
965
31277
367
4753
4574
612
632
523
25068
171
548
102
495
1524
11188
263
58
16030
29283
414
1992
822
3141
21391
5403
113126
725
2778
1143
1508
9087
7056
327
24912
10090
545
242911
3382
386
167
174
32891
2978
316
122713
77786
105040
24247
2805
133449
853
146
352
5475
12890
12704
12960
258
1478
96
11634
7246
756
13055
25
24688
852
2090
212689
229
1123
373
70325
649
26877
26391
18368
8489
1233
87
2823
13682
291
13927
736
733
153234
73
6359
10158
574
768
23294
243
2978
371
4069
12727
6879
90196
661
46811
265692
3340
160
1880
293952
472
36840
102381
348
384
54602
225
845
320
152
348
20864
3435
216
1070
171
1946
101
826
20027
3923
25811
6941
2681
859
38888
3266
2064
2440
12175
5918
583237
2142
1401
384
557
654
1970
99868
9251
697
1104
192274
32883
1866
20972
8353
37625
129213
744
36924
10012
65763
180756
2742
550
29
7083
287
6714
6014
888
1762
783
49531
300
36814
46210
50549
579
1601
2166
842
172
9064
446
3577
965
448
50599
19581
20689
7069
282
6932
3766
1511
871
4212
3998
355
32900
306100
354603
23193
120967
8022
36522
594
453
3966
4716
22565
25452
9294
11066
1751
729
3864
11828
12153
23752
620
3065
67
804
2907
191
161
147
16233
264055
1642
121
15187
960
191
1774
114805
817
1060
2876
13014594
8515
13627
830
2088
6680
183497
106293
961
10479
388
1916
22929
1324
68339
1184
1143
2208
883
1427
73769
18252
4261
84519
3244
1873
3678
27989
156
3597
4585
1341
21325
204
1784
3453
3622
277
1987
407
1955
45519
1447
247220
137
2592
4820
77543
450
23904
2786
3053
78181
1472
