853
1783
706
116
604
4406
3476
1676
1899
96
204
613
307643
186
3522
17031
3890
3993
336
513
1164
475
663
8832
416
723
918
987
1320
67
1462
324
18821
283
16263
551
1474
1424
3722
1088
666
131
83
881
44654
15424
454
157
32313
8088
2525
14187
1546
80180
3910
58891
92
232
38230
219948
43261
16127
116927
91
151982
1783
10620
721
1644
37835
475
70
379
329
160
1053
252
986
7617
692
280
58850
6495
7446
363
3222
1157
2679
87952
848
138
693
1656
5205
32891
4242
1012
865
951
634
1733
5237
1831
3837
30293
326
5859
10753
370
338
3776
16824
62763
482269
3279
391
39502
9724
180765
1410
2418
31029
89
2309
190
4130
692
295441
37
474
385
1478
1774
14491
798
320613
4060
1639
314
10850
590
23774
17546
856
756
1871
1153
8645
4806
1760
1737
5632
246
2153
2909
38246
105045
105
4753
1639
49497
493
1457
5869
92671
423
240
1682
645
9145
6568
2693
2240
3543
2484
77234
57734
3269
5345
15254
14293
6370
6705
29
53819
1860
952
148
5600
10759
14178
48676
693
486
3558
438
1461
2144
1046
501
4713
39999
329
27142
134391
293
7858
13153
3736
345
1122
1134
1091
327
316
1477
100
264
5874
39667
52154
2211
19160
30431
974
1105
1503
649
15527
7255
645
2318
407
14905
456
11082
264
6259
52717
312
1938
14379
832
1650
26268
1182
13036
1484
4026
5933
12935
32124
46
579
4410
308
20362
1083
1923
3967
1737
23912
7493
464
18561
282
1085
1379
13442
23618
11319
49066
17127
259
18
70325
507
10338
962
16412
31660
73
2532
20918
1697
25107
6729
610
26899
976
1472
4335
754
236
201
4526
2093
918
1059
1073
11189
938
1347
1878
7898
15111
268951
181
453207
8
1346
37531
413
239
111548
468
1127
1660
22386
17235
1160
2803
598
775
1914
213
95
12696
30117
972
231
36
2440
1150
226
1518
242
1543
67852
2933
48359
676
1830
1338
32792
18397
99
7396
1210
2241
63454
709
15105
186
488
244
13146
4027
2059
190749
5310
249
374964
1334
323
249192
34
3576
3921
4300
5367
6671
104520
6245
18559
570
160771
3890
4841
1846
676
3710
87
876
1103
902
60196
6971
610
3424
3161
4624
7418
12193
4106
3666
1390
425
171
3869
872
352
281
76
5622
231
22166
1765
18197
12557
486855
3526
70379
16107
81151
551
10374
5122
46536
363
1081
2137
1370
1023
30
1030
1187
1312
895
2928
7895
87494
1789
1755
1394
6391
1011
3129
396
2445
268
12547
2051
104
251
2177
65
1803
3771
612
15784
235
12723
363
503
8089
945
239
5544
16030
9371
7657
4888
5973
719
16804
235
47768
387
1326
75126
3841
21855
29401
1479
716
5859
10320
422
290821
67
4376
104
1525
13080
222
243
234
1115
4287
31363
598
19807
17870
11360
907
26511
444
650
346
4577
1195
1339
156598
178884
391
661
181
269844
478
3883
10712
5078
1572
2738
79054
685
245
1490
1241
5947
13547
129866
6428
1310
22894
10910
212689
939
1414
325
4504
7551
23495
913
15416
1230
57701
3653
1731
36921
6526
216
51345
2277
1883
1252
83
2518
930
253
48025
3479
1997
20461
5764
954
197000
2287
15195
722
4898
209616
12813
458
2022
7020
61265
1349
323
2833
4359
74446
998
52320
207
3088
663
20
6083
3065
566
732
180756
76791
2406
143
2225
11365
690
1734
584
7324
7096
1185
5544
96140
810
35628
384
1417
349
71924
14968
105684
127
24184
2928
4750
141
206629
50295
4580
1718
221
4644
167
26546
48568
534
177
10385
1921
352
49739
1783
1651
199079
67
12933
4603
3466
821
4249
145
1179
16579
146
682
7526
4035
532
69487
32906
3523
198478
90
917
11876
26118
685
2674
83
29977
766
375
2818
941
24977
2644
268
5076
12736
50
456
549
21144
256
5873
14313
272
43128
13244
56604
3821
562
7567
1765
7334
5791
1133
16300
1075
214
125
5779
1289
41116
163
11453
4919
1025
114805
173
28633
404
6380
2592
27586
22033
436
10687
569
6772
249
15056
5713
2713
1030
171
528
2908
413
17662
691
5817
53622
1145
7374
17644
1467
1947
42409
2172
396
402
218
5325
544
6671
27677
658
2297
2933
2201
20328
21049
1553
13318
6760
45987
36970
970
147
710
1708
18085
508
260
3026
5093
1629
7032
794
48723
839
15396
19527
1797
186727
89863
32440
263
36
697
375
1386
484
21049
1138
208
703
2648
442
84
36530
563
33335
13076
2603
3388
901
19767
4196
781
15278
735
327
2504
505
693
5567
172752
758
859
2368
53128
158
3466
71836
224
694
746
4275
674
5156
20822
6140
516
13082
14457
6383
249
353669
3989
320
502
2012
14590
9087
174645
334
10984
5133
2627
12296
92
238
8855
9391
656
259
515
749
795
4087
11520
2232
1709
1593
462
2114
33289
22170
43264
13796
3560
2521
42511
2784
10273
555
13661
3295
1542650
639
8297
224
8910
183
582
5907
17809
64731
2674
420
261
1526
1248
45694
71194
9220
37654
179398
793
10596
11461
921
2357
28125
516
167
22457
3096
293223
619
75797
46728
26071
106293
44597
886
1609
170924
365
462
126925
15122
31444
23157
959
8291
414
341
585
3414
1978
560
4719
7337
3708
2110
528
18371
682
1106
1330
10869
40822
22689
30401
1088
473
6538
53248
8238
3645
1641
34699
1508
986
716
344564
240
547
63193
528
349965
3814
680
8055
178
771
687
63
613
12552
212
13709
2899
2751
5818
250
87
92
914
559
835
865
432
7283
2867
14433
2309
1815
574
1029
35034
1151
1259
707
26562
282737
27009
31591
46317
63665
2735
6840
39615
94
176116
15049
213
528
1848
96045
4124
625
138
20420
3176
6267
220
1102
2198
604
10823
3761
9229
939
342422
26281
180
1743
2109
6799
248662
3126
2929
26391
64558
2328
13666
13164
532
1159
1247
12950
68
4299
13498
4025
16648
29
64
554
23305
1131
17364
320
2048
4352
21588
491
2226
629
1139
148116
21825
4094
4200
1312
3500
6024
11505
2639
3936
2352
967
4072
470
520
196
1732
1918
4769
2384
453
58709
78
899
8353
5177
8171
10847
13644
3912
845
65763
1315
3105
5999
13811
307
93448
28970
226
202
1112
43573
1443
18557
31333
3599
2625
2805
108098
109215
62013
28495
347
756
7658
256
9246
606
3971
8439
462
295
167720
1012
260
1339
3747
1520
22660
906
1508
43733
7345
345
2463
105188
9626
1454
129
21824
2156
23100
456
5082
354603
660
342692
8022
1881
37157
59867
6450
8407
6466
535
22745
256
77
1027
355
228
2721
217916
131
380
2622
48002
19129
249
3458
373
2534
5629
139
1839
17538
346712
11033
1367
15695
308
864
61
8271
32
8497
853
784
22
1061
3957
440
261827
407
201
12417
430
661
1658
3349
7170
5125
679
3647
57659
5805
118303
1855
3558
1256
1041
871
2431
28466
3211
298
390
393
3088
100
190
4231
475
51358
2348
9947
1608
438
330
395
504
374
83071
29336
2407
377
4211
237
6150
31835
613
1152
1977
3729
7268
2312
237382
26044
297
2066
1851
1302
655
2074
5473
34325
8462
671
6148
713
1717
363
94090
585
4266
492
904
17988
11266
8040
16964
4119
135
1860
1250
332
26788
2929
43848
168
1064
649
2491
61819
891
2393
708
5302
3537
955
336
1577
1104
865
3640
2935
2228
783
29097
187
1157
156
599
395
2651
4509
23193
384
866
930
787
105131
148
2917
29444
3243
41492
337449
382
730
754
437
24623
150286
1493
6167
752
487
9023
212
127
511
3022
819
353
655
76423
12094
202
11136
166
235
172810
1704
295
202
3425
521
20695
3141
23054
1738
397
22953
1392
965
1013
724
15899
163
795
348
1121
1699
3805
6553
4780
190
2463
202766
681
1598
15313
165
122381
274
426
814
32366
225
247
17945
23294
720
425
535961
3585
4834
1690
1065
1881
609
1193
1679
9134
324
38609
21768
49688
36937
4405
988
983
430
7698
381
5214
65299
1188
93
13841
34062
125
344
4404
32164
2453
21561
463687
14511
20080
65889
828
495
3414
4348
20578
13822
843
533
13033
728
1265
93
133449
2795
1691
1551
136096
30419
2153
14055
3470
27240
31854
9609
3356
664
2430
1539
414
14543
8151
1695
423
1873
7151
4310
1958
788
2609
1277
331
8715
603
635
199
23144
17229
219
3399
804
22
6029
498
76710
1663
715
62068
931
731
570
1705
208
3756
299
4004
23754
27698
5044
932
590
17136
150
27580
290
11910
1317
292
28025
7951
275
6305
91
6795
3792
672
59446
92
1074
7214
290
39824
1369
31375
403
97294
838
73
4093
801
35735
738
1115
13
66
1626
1480
23205
531
9696
49
186
3435
7226
2617
1650
696
110075
50950
138
3208
39176
24164
1721
630021
587
2724
516
628
829
2767
3980
17519
6517
23037
313
606
1083
11723
9826
417
2114
2324
2805
649
2086
180
632
30420
37622
728
12120
28442
47285
49048
317
1914
7205
926
646
108
12183
769
577
77358
280
749
545
1479
28871
2493
342
2130
184
15196
829
32085
54344
1389
37791
24626
1669
61399
55194
1702
10316
1608
893
2082
1479
95
508
1939
411
1543
1662
141
977
23
320
102945
316
2796
2456
844
3766
874
11013
8414
70106
6523
87
12987
523
3702
13093
58
932
6229
241
6771
2063
3505
3182
1478
199714
30900
2055
121
222
7921
30911
472
10534
3578
327
228
1294
167
531
141
1296
6613
4347
492
4387
59917
644
6643
11645
295
135
30638
188984
19820
710254
2002
87
502
3277
29967
6832
204
597
25
57777
910
8004
342
168
1175
3689
21548
139
335
1054
1784
707
61455
158
1192
442
2513
1234
945
1208
235
15211
534
300
62723
14436
9299
51115
9459
15459
1843
6453
32989
611
7236
1680
3970
231
300
2521
747
78966
68
605
3674
2620
77
1005
6001
353
1725
265692
250
5737
768
106
6672
6014
236
109
13140
213690
1542
12317
174
296
43024
1920
890
19089
145652
16979
2322
4565
19303
580
3966
11
4022
1616
121
6689
1264
3477
521
16433
5155
34387
354
271
142
3009
241
133
1113
9907
864
9474
638
348
1134
148
369
2978
8704
2556
1743
1552
7074
12884
10094
1268
4323
7720
377
656
2955
36522
1724
31742
119
315
325
8320
40283
31938
1326
51874
63940
3374
713
58593
916
230
621
25975
7625
19697
3182
118
13726
474
43945
2178
1859
90
298766
814
488
29926
116
60538
447
114809
4716
173
666
675
1518
25127
1345
21325
316
3836
434
827
417
26273
10147
412
2321
72657
23189
7852
394
2422
12463
527
27194
2462
82
1247
15514
50860
110295
2894
758
2429
117
6466
51777
1294
13698
1081
143
4371
8418
279
1924
332553
4328
11517
64
8242
4748
2963
72
4768
1130
4962
1356
10304
82025
25
56
113
3821
27
7315
733
1536
482
482
222
844
192
1123
307
3039
19454
28940
293
313
1135
552
415537
1982
2710
845
632
525
7585
16543
11345
406
18038
13648
13404
1970
6104
15520
10132
51629
9304
211812
460
171
3584
15186
15392
8566
48154
270
192
197
512
3189
5405
956
145344
148
829
987
548
1325
454871
10766
683
606
783
202402
486
253
103577
1118
23374
254
205
461
3878
85399
57114
366
845
17100
2636
439
12448
181197
55975
4686
1730
2370
9897
132
361
55978
135
1082
13783
2188
21445
523
679
17600
10088
1890
16070
1767
14135
91899
11323
3824
13062
81676
5139
2064
995
176
4603
928
3542
7521
1017
11128
26884
443
2474
29565
46532
5713
224
6638
4684
18518
240
739
155
16775
419
3710
90257
1433
626
5113
16956
13761
2270
69290
25030
1445
1096
73028
359
364
33887
76
1643
404
101675
359
973
535
13950
28129
10832
401
536
9059
17711
468
558
1072
535
7358
1751
3353
129
2370
1283103
1402
5976
8267
200776
18732
6026
44423
744
8621
3040
9117
45534
1804
3247
49147
3515
5063
5036
3380
51
17598
3321
29146
13178
311
51969
745
1508
1565
1153
2208
225
359
60
4509
72453
3225
378
7953
803
1736
393
377
4169
13
15642
1524
3254
384
18368
7083
367
70979
39984
5182
996
2351
29094
343
805
661
172
3611
675
700
23464
2336513
6333
1567
415
22539
1111
1088
29762
1638
1675
685
620
1222
729
93339
2889
1110
16947
9315
4916
2734
621
1423
12927
64
1000
3177
1466
1209
64084
978
748
17994
39346
25
79678
53702
464
690
23752
64872
1041
4155
437
3570
300
337
2560
13175
220
3879
806
29310
18211
1868
19757
123
89384
7731
2918
4356
1218
647
1622
856
3676
412
1708
1549
287
95
4857
263
1476
5781
418
2188
137006
284052
253
10993
308
11587
638
39529
326
5355
43
9016
283236
80898
1205
1060
2568
3730
767
56
264816
4166
38
559
1870
10871
5025
205
1200
1654
649
8239
3673
3134
137
4609
2932
612
6335
20027
13121
28702
837
55
9466
2616
8539
108196
294
94518
244
143
1724
16793
636
15717
152533
109
3036
202
146663
1606
3430
4271
678
25739
14452
2698
852
3403
1218
296
270
865
237
431
13925
2225
11120
31690
129213
335860
105
391
9423
14980
23858
23584
9007
883
2476
1378
14138
126
33083
940
105
45366
8572
251
173
2881
119
215
5302
1066
146335
111765
2805
493
24461
592
1226
1572
605
388
36679
280
14003
11308
608
1311
3522
1559
4973
8775
3447
3220
15182
9520
960
1585
1140
46135
1751
4631
22218
1882
115
2050
2023457
2721
253
1803
5471
319
19535
25
587
1223
152
3489
157278
1038
1873
422
3657
1512
659
8604
104
1023
23331
5915
6414
4677
1712
19088
1050
3109
3786
2648
183
7976
14474
686
3265
3135
172
5130
472
11728
5820
15316
512
7068
20532
610
11709
8914
97
2921
2390
6270
23978
4201
2444
690
6306
3506197
18705
572
3973
19062
22942
44
1064
1914
2188
3622
1461
157
960
160
746
10128
41848
85171
51
1196
247
3763
2344
10907
10039
283
45894
124
4606
584
837
12621
288
320
21616
36932
441
501
605
18141
790
2626
519
16040
39511
6245
1139
38794
379
3239
7252
824
558
29837
784
633
1017
314
127074
25303
1380
197
1743
200
2924
274
258
1255
5033
515
3843
308
400
773
40055
1799
638
147593
196
25808
889
1681
3392
2141
21135
112208
3219
100051
23981
194
2221
2192
26772
28814
3936
894
30995
1372
2948
2415
326
356184
16045
2966
640
35193
446
647
2954
5821
11928
1492
11858
49531
32677
148
2572
763
30
1806
352
609
5535
4185
448
11758
2685
27326
1297
1620
8471
59
35855
2469
12320
756
11016
3782
1450
5164
768
2085
1199
8055
230937
411
1587
762
15965
15363
5616
827
95610
617
2601
624
917
319
655
2244
1051
8957
22068
597
53706
1026
266
3597
3477
148
608
718
27520
361261
1814
306735
17213
531
6175
5130
888
776
4491
171
3984
1546
29103
63
198211
1966
433
2460
821
7901
2013
1293
2530
304
1310
2602
957
329
1444
729
420
298
24879
3605
2188
152697
9273
192
150890
3615
13703
914
4130
27557
2330
24485
8875
47
574
48720
2524
485
233
2490
196
2203
4442
3686
7128
598
91
656
1227
285
21706
294
417
15497
1157
4048
799
2676
327500
432
3411
20336
552
21
3092290
77515
1043
951
3167
11049
349
349
2097
10079
204
203
2938
30382
503
1404
1302
155145
15484
277
33014
10391
1926
102
1824
733
40053
2594
5390
1319
34652
126
830
13538
39823
727
1281
27303
1852
1687
47011
20798
285
1922
1423
3969
10524
1161
2226
24419
487
506
2117
2505980
1461
1613
56196
38577
14095
963
55435
10012
29714
9453
723
258
392
1077
637
17368
3988
829
34170
163
344
652
466
1798
482
2942
15136
344
204
2169
99
879
10850
8155
457
159
407
331
126187
284
267354
6470
33873
3602
1855
75486
13894
12256
3966
534
16909
1829
989
183
138
4817
559
1196
668
5526
50491
381
2229
608
673
1687
2451
1506
255338
2527
1341
12153
457
442
216
6466
204
4941
17675
53246
9205
122
239
118659
392
22356
468
17362
1176
4015
509
13158
37017
1146
7279
15755
479
8548
3342
583
127
29513
1278
7298
732
155
216
1188
9665
742
94
177
1337
1501
3444
44340
110
405
805
25794
137
12275
18999
827
12111
185413
602
1735
7772
732
2308
2249
3824
225
328
621
4652
250
8151
13931
865
70
2876
3004
5182
1059
120967
1504
3071
876
1353
383
64
68870
371
6985
23082
330
599
304
487
29457
5875
2739
7474
1661
394
868
19077
3731
1640
53051
84619
1565
40078
9825
3498
324
362
110363
2873
2655
344
10159
14952
570
13090
1158
14804
3411
97984
41226
397
15676
847
855
3002
3292
33230
240272
1036
496
15245
2402
5771
12634
79
302
859
96
4919
33898
348
6680
2206
949845
4252
2828
94284
3477
25625
28762
13490
13401
329
7410
11585
572
7658
463
19321
367
708
18063
263
4168
367
416991
159
5369
15403
2365
6427
111147
13901
578
191290
749
490
2629
739
15168
13975
528
79
40594
7986
2146
44537
94
19052
96292
5132
155603
2376
25661
303
3522
3519
32
43222
576
78
28134
5664
3750
723
7083
2046
1157
497
2789
130892
14453
7582
364
13374
939
1511
1635
181
206
6218
1546
560
169597
15171
9150
12755
497
864
555
299
448
898
505
2231
11929
6832
137
15699
309
69057
83593
1920
185
1695
673
285
27236
2204
308
7633
1297
1326
28091
82
280
16001
166542
372
27
18778
22242
623
4229
55563
65103
17170
259
1142
15028
859
1058
21334
26083
1277
1030
1103
2340
2545
6025
628
1421
6795
114177
8825
2098
2081
97135
5774
2709
298
139
27
1095
131454
14140
3385
1218
4175
965
2887
16284
76275
2515
110166
736
29358
270902
9064
5088
6427
428
1059
110
4541
204
7684
529
1023
458
831
16475
352
1650
5116
5582
233
3443
174
220937
1066
1872
3940
327
329
718
15653
3852
22417
2754
2332
98249
17241
4169
234
1226
27969
489
20556
14061
1133
545
33200
250438
656
367
26833
88580
3250
3817
788
22378
455
315
551
9792
1241
549
274
14628
25
610
1512
174880
113
102133
16382
9367
15321
514
732
16557
480
1478
6800
199
212
1157
277
26948
294
192
661
7304
456
2613
125498
679
7814
340
223
54682
216
161
6810
3064
94
37363
17976
622
669
972
1616
6325
33422
10754
37642
802
18451
13952
3664
4166
27653
2770
302
1987
85920
290
6943
213
4381
1961
507
5936
729443
127550
93649
949
17
92
89554
98
462
538
32864
122474
534
1846
1270
10291
922
1560
308079
56855
1849
1844
383
251
11247
939
338
6071
630
434
3167
359
902
10200
29114
1854
86753
25169
3290
46309
227
708
250921
473
272
155
10835
959
290
373
1119
64297
1360
1294
23531
1045
12676
769
65945
184
1991
2851
152
502
13183
65735
3014
819
2419
974
9019
6959
3214
7326
400
3109
71
129284
8662
744
460
328
1656
430
345
5241
24576
1439
71450
468
8125
486
2054
253
342
7733
211
14374
11768
233
776
316
230
45853
573
579
20349
490
981
564
1234
12622
98280
538
72764
884
24206
13129
3320
225
125998
121
13689
83084
2572
3119
12615
2660
2037
3325
80626
143
52773
671
4416
417
12
5887
7173
1518
2824
17
3080
14012
196047
1589
529
742
1622
34910
303
20272
6401
2019
308
4720
1697
7080
175
2945
524
1239479
582
2180
1353
354
1876
33162
11342
1182
39023
194
679
739
13139
894
159
38365
7310
4893
450
10995
10350
878
25083
3042
1572
179
654
293
305
923
1905
7598
844
98
31247
39840
874657
4533
3463
1511
19181
1107
1477
4856
18555
25811
3126
2329
32900
23602
29408
58138
4177
29
8515
63275
4052
368
246
628
208
50052
5643
24554
10608
1752
338
418
331
3897
6473
4436
94
17037
793
1503
19099
116
174
1061
15327
1249
5973
961
2849
5948
16334
48286
229
2622
1311
13007
750
2083
7942
511
70
1944
715
6178
2014
116
654
26741
7475
60146
1377
264055
1657
7976
812
110693
117344
1199
1182
1393
102478
10451
914
164
1962
770
115831
136100
937
1607
983
938
270
622
2949118
444
465
45857
9409
16644
2847
443
5678
8711
257
117
2485
552
417660
566
4027
490
5256
1171
2713
323
613
17839
503972
593
106387
515794
35050
1137
1522
13913
3897
2003
614
5991
15066
905
10147
296
593
2675
7191
11675
102
323
495
1160
554
335777
2346
444
1474
1033
33491
17574
1359
805
28
237
21325
667
21081
1678
1608
10768
4896
1325
3944
16267
9912
838
309
6933
906
814
718
482
526
16028
220166
492727
5323
157
190993
12593
2005
9758
134
916
469
859
1154
763
495
2474
21679
253247
299
2296
13459
329
216
153
17261
785
9149
20270
19566
816
286
17961
2501
1757
709
12676
1115
3497
2501
28686
356
33846
33359
211507
2972
3268
2196
43237
178
364
963
357
6930
3005
28082
41215
4471
203
405
2268
10264
30447
35529
1708
338
476
16724
5483
2958
1651
485
8530
21391
8110
11
1308
321
1023
408038
3910
11732
35342
2087
4941
12291
351
2742
860
32334
2935
3598
3133
5339
914
5414
186
41
3659
21202
1146
172
1805
1853
517
2917
281
194
1866
5566
348
1078
4950
28391
1777
9638
1903
34527
312
46210
699
2682
19617
357
342
4638
3114
1067
3650
252
3141
8344
23936
1495
4529
1645
27305
826
16004
22644
6113
37525
63625
2688
15467
33560
1517
1430
6866
145
1914
1274
28059
3802
1333
26063
6052
1317
13343
290
469
2051
1218
36289
16012
256
1721
84
1687
65616
937
7924
2812
12547
55952
171
231
1420
1955
30174
3570
48408
38281
1499
2110
54602
859
248
2764
828
223
310
12111
778
27166
6570
1081
10717
485
7850
95
1180
4858
1884
965
1566
5631
27562
5820
932
1289
32
472
17757
9125
253
19565
648
1264
484
1290
6293
2631
688
146
4080
1750
1139
705
133
667
270
28821
2489
132778
152857
77786
1019
12584
24372
14950
1092
940
875
194791
1537
9176
1902
1267
476
11836
1166
22866
21599
2211
2525
11228
820
310
8568
8098
17851
10336
127
21777
806
84519
7954
218
841
8484
7294
39
4998
2848
592
7498
1819
1001
26389
85
12186
2223
82487
95820
582
373
656
5216
14595
209
5670
1699
1334
1163
203
136
335
85661
5429
1031
927
898
27839
469
308
1197
3038
4394
2367
2256
949
510
278
95
3629
24839
2445
10001
3695
38908
1969
36814
15496
4953
3786
1526
1676
11479
43537
624
904914
736
3229
8691
12727
216
17356
80
1183
28330
341
1600
12343
12341
462
197
1277
7568
138
209
31650
6879
9590
2289
349997
907
10956
1268
10935
1502
643
3462
1397
6077
5520
71
617
1706
20127
2922
171
454
977
5388
558
13028
1728
3172
628
70797
690
2516
2692
350
2064
5165
1058
413308
44676
3067
92
17485
185
966
2495
1233
5003
359
1609
1145
146178
200
4459
295
12943
431
3792
684
1774
337
86098
604
498
661
1597
28
7783
1565
357
138312
43994
2670
1205
29627
826
365063
2506
1909
11330
14845
288
418
1019
2357
3281
2419
227
3809
727
49900
43906
917
121
25314
2152
2032
1384
747
26613
2890
2698
3023
3012
933
2648
2947
2482
5917
2787
3501
89441
1591
13257
1905
1030
86
576
29605
825116
4074
13603
570
565
400
93
867
2254
5072
664
12937
38766
2767
3420
834956
7186
508666
1217
1767
714
230
1926
1430
262
7726
6518
594
517
632
230
2887
6788
1913
5384
115094
131
17258
15611
835
1042
161270
2907
30933
6048
1270
1979
13297
77543
16079
95
2040
1838
273
158
1880
550074
598
1125
825
31771
20226
829
1496
9199
699
2910
3770
1373
5800
5973
8292
2610
27796
1028
1033
669
331
155
11571
2834
4869
3022
50599
130133
40580
38
377
385
126
1301
638
6068
483
37425
805
396
233
797
554
2451
1896
1728
4943
321
20087
1073
1577173
18837
108299
808
56037
39409
461
2954
262
1279
751
179478
847
1685
2818
180
2976
216
811
4009
2560
3134
2159
620
406
33694
857
11212
814
14419
582
271
1069
142771
4299
68741
592
323
4448
333388
339
86241
1279
197
3800
11379
8400
4043
8497
11136
1797
66959
505
306100
80307
9543
4222
56029
2823
7244
249
136949
589
43661
54073
3119
3852
29812
12700
3901
66969
2357
1276
41276
2546
2795
8308
33084
1658
261
8827
743
18066
281
948
13627
54281
7294
2909
98577
28082
613
988
11459
3384
855
43888
200
3615
229156
13682
3097
10631
283
257
5704
24641
33001
3169
23137
71
4393
376
27957
4498
316
19620
16037
1287
1377
50
5241
3223
492377
2774
94338
45649
1232
110
110
4683
109120
2029
1801
837
47811
105040
251
27156
5543
2179
386
239
3190
1179
756
151
14505
183
23115
411
447
2474
143
805
6049
13036
556
15
533
44
2040
2009
39
456
2062
7171
144
182920
1472
25291
2938
176
8989
1318
309
847
6769
54357
1770
5971
12106
393
16470
16476
367
218707
9435
4333
25361
4168
1050
25118
1089
1557
1896
558
241
1756
2348
1221
1545
2045
1582
565
10389
30326
73573
137
1213
3456
3523
8117
117103
119945
13376
1337
2356
17695
101
2854
869
1415
263600
2574
1588
1927
1198
56458
3989
22194
110819
14792
2089
684
1641
43165
34552
529
7703
307
255
4756
66940
1906
247
1487
30663
2172
45
7057
4846
382
27986
1115
4911
1058
709
1182
1344
1404
291
824
817
60455
2498
2850
99
106319
1609
89437
73448
426
1965
2700
436
415
582
11672
37055
27552
1064
567
19106
3207
145
1285
6965
139
2192
1659
8864
26621
3072
140097
994
50802
2097
93
237
5067
1128
468
603
110192
898
88012
110
1326
90196
909
1930
13007
3543
310
390
63700
302
148
1601647
744
2057
113
98
8117
80
3737
7149
37790
1307
54
3725
2155
1279
704
225
392
185
508
3797
333557
25059
240194
5151
672
341
319417
12748
32927
485
2463782
19700
126856
152
34571
3724
993
81229
28137
524
1027
4385
2811
10158
16900
14047
15574
2617
408
622
4043
597
3567
1753
14036
5161
42194
1936
391
330
3430
79
1318
2753
1253
1956
176
589
2627
1638
247
692
196
36
180
4421
2894
501
602
554
237
54
22693
1676
246771
1614519
34623
1592
56903
78
71035
1627
5625
2946
2862
973
587
248
2743
9891
1965
1407
4577
1460
29889
6200
3356
608
762
2043
3099
4148
3443
3453
519
13255
481
2245
791
238
15
796
621
19326
122713
918
2709
1372
26444
378
16484
14170
2669
11591
101
13999
197
1426
14384
480
237
20218
85182
19250
2355
4521
153804
62290
6587
226
204
1757
986
5633
309
353244
1858
322
301283
604
9629
482
1148
936
917
991
986
5736
12584
380
5605
6017
23566
3835
131678
37608
414
13502
2098
112907
87
31166
558
344
560
1765
24530
677
453
17375
3164
3545
1469
1132
149
3119
13291
242
1396
29467
60
4718
5281
2790
212
192274
5706
458
3798
12122
739
3598
160
90
3135
900
5417
17341
1073
596
239
1874
447
81531
48976
10777
37625
831
467
1127
72734
1119
535
1421
1749
32312
50828
659
615
9889
3188
632
2697
9421
229246
8103
87
8558
1966
883
36343
394
609
335
1078
142190
311
309
63058
4670
8074
3103
3331
375
729
2579
14788
1082
1206
445
32234
886
552
13036
32601
1618
3531
316
371
1149
2197
917
190
1727
105914
644
493
14228
266
641
121
2783
183503
3116
17058
620
52529
107
18131
3594
406
693
206188
628
4651
461
1709
150
1393
93
295
617
1631
2065
54355
91
3188
12363
296
7782
153563
1694
75949
648
18239
777
5956
753
8617
1023
1076
162
24925
67595
702
8947
8024
28167
950
731
14663
783
833
3357
2113
9609
524610
1207
15841
200
347
191
9964
820
1342
579
5921
418
39498
5696
1050
15644
2169
9009
1515
1229
3417
72
43021
227
358
389745
209
15427
5398
1489
268
136488
4741
149
1492
11378
35724
844
40413
15887
737
724
70683
10404
809733
3109
574
1030
7421
8993
1509
249
491
1732
4849
743
55929
1354
1574
544
939
11477
1994
4302
86426
52
75270
930
190
103277
21344
219
55
60507
567
516
342
511
11617
6664
112
20018
204
72107
761
620
443
2372
1580
55
223
86
896
49149
5708
7254
505557
430
276297
111
392
1168
2159
3162
1619
2962
523
355
19318
822
31154
291
6936
1233
200528
19979
3610
2727
69555
2447
824
274
394
472
1882
1471
2832
893
21469
898
4789
17
171772
3638
10384
51
223488
32883
192
9595
9279
37685
3460
7203
751
154
266
9935
8760
263
2204
13750
2200
1644
383
1989
2914
11928
187
2651
391
743
6537
5720
432
1916
3315
225
129
3219
15566
1875
37589
3942
1632
1038
28357
70042
5131
2539
8691
56519
1066
376
2980
349
767
30352
307
4757
68916
394
2294
4691
636
676
2353
493
1590
560
1342
130654
240
1056
14462
31713
1380
331
47581
1034
172232
32040
759
280
482
24856
9008
2594
78181
1295
1239
407
46285
7806
55166
2876
2374
4774
863
95
772
95
3785
31567
34031
1779
5121
261
15
623
9190
95880
6887
256
9805
50573
7459
1046
16412
28073
780
5094
3668
430
45930
9292
73760
12138
748
63275
6644
794
1692
33100
407
1833
105
1468
334
1075
1713
1385
1642
19895
252
308
34653
397
146
23904
7226
93570
6909
1811
1926
4339
41121
45318
708
578
1517
4068
7804
43195
253967
139370
2498
1158
3998
3170
263
2102
475
5244
1472
3923
8193
1503
34930
322
339
443
53146
90
141
961
33264
152
9158
1237
395
31
742
4282
1515
11899
1049
69
393
3180
17784
291
5864
3917
1591
15741
12346
725
14495
7362
635
2233
1634
3591
1094
1189
1252
172
832
320
1548
191
13722
779
1896
2485
81165
1241
12323
799
310
1654
45813
98
17556
3121
155
1172
4964
1625
11211
1463
291
12393
1026
14559
974
4013
71596
598
823
5000
1431
39822
759
9123
1268
18609
4949
1211
888
1324
3687
1136
6171
8624
1703
16787
434
12652
13922
568
8424
7622
2024
9739
1184
4156
36948
52
2940
770
3204
9997
904
13316
5062
1184
6862
219
133
1275
1687
1751
1018
1752
405
718198
355
276
383
590
43603
1153
5156
21474
9215
24315
131
691
182282
6943
7935
156829
689
76127
92164
194
891573
618
921
54784
1120241
1991
3205
8087
390
2920
1142
128
2282
654
18887
1889
441
2044
1512
25452
557
10062
356
13554
4158
1286
496
207
1098
229
98719
8955
6201
2405
23066
247
8765
475
1401
3628
1819
295
1598
85
3583
2069
377
2727
2309
1484
1164
171
9086
8578
20665
2070
47789
15996
7063
64492
39012
565
1817
3676
328
76949
16040
844
628
1847
1710
254
29081
80955
537
3798
213
559
8815
1492
1287
1396
304
399
33895
395
132
312
20530
773
240
14488
155257
473975
7658
597
17560
13496
108
340
1260
603
1536
2766
2046
1611
59293
2528
27
29452
14770
318
657
547
560
6193
800
161
2072
171
340
135779
4989
3409
531
11747
3584
587
4520
863
921
91
31786
78639
3249
12165
105698
784
444
976
689
547
3541
319
140596
4109
1018
895
2457
24274
5403
4406
2633
1568
559
319
682
20695
6629
2306
92752
1129
2073
186
2058
198882
3678
3912
10770
281581
1341
23702
77870
142
321
410
2373
204
28922
3600
711
1459
10533
143
1604
2768
340
1404
3225
693
40516
10682
308
312
41897
9372
172
1092
4677
13674
488
65450
8032
6437
1818
98
20429
6099
11544
54327
627
9948
3095
1166
40696
3275
11179
62946
992
860
2749
2303
339
2710
2476
1970
339
16894
2107
174
4048
41
38454
100896
1730
146329
559
94
6523
1900
1794
2763
783
3018
1204
609
670
103
318
1260
18363
3322
615
580
20272
2877
1069
4837
21569
9004
345
1519
1851
9080
19950
19891
38545
1301
37134
390
4069
99
313
656
1240
859
14218
2034
4583
1136
1238
118229
7948
50241
2385
31526
1102
2974
409
713
1579
522
12801
1211
755
1239
23928
8270
15404
2656
2474
289
1414
845
2576
261
113
315
80806
2111
113670
1209
7553
56930
409
3251
276
14625
30040
1325958
24196
5333
60130
326440
2562
293
323781
110833
656
5150
1936
690
3910
3327
381
196
19415
178913
12762
4740
657
216
6411
4152
203
750
2286
319
2669
24628
124
1282
2715
2544
4244
80327
570
23832
202
6379
7902540
1153
15733
6394
138
2156
425
240
703678
12247
370
16541
402
51
2015
138572
14409
57951
577
5478
440
83
6628
229
59032
21718
27
1029
1451
3849
501
3808
65970
26935
2871
62291
4271
5979
18493
487
18982
1245
26410
1187
6728
1052
632
4361
225
1437
131902
802
156
91
12152
7360
2369
2719
50333
631
1471
1302
2626
520
962
1035
187611
19
75
53660
472
1905
328
6568
1325
1002
350
503
5145804
383082
372
6000
3860
8863
3290
29
3755
2937
46935
1151
25181
350
1433
107285
1300
162091
2269
7179
649
388
550
1567
861
364
23025
15556
29
206
165134
335
152
1846
203232
1100
16339
530
628
2278
1897
19596
1069
1805
110348
8905
327
2404
16688
2758
1078
464
1026
21230
45519
1212
347
233
304
273
339
3329
5948
416
6830
6159
3863
164587
2237
12960
104
4792
2186
1920
39709
4177
13275
2768
7180
1422
2174
675
131
263
7642
2453
6085
3761
15361
3959
246
139
13863
267
1923
1970
20227
2247
535
128386
16500
1616
12669
155
27485
14329
2393
690
1431
78
10095
690
967
10230
19124
38961
3827
152975
38
626
163439
489
7277
373203
962
386
4943
336
117541
1240
730
27014
18252
2146
1295
1946
13227
493
43602
133461
343
19252
4448
2144
2103
3603
700
2167
717
10659
462
2095
2486
761
44841
252
771
6649
10081
34914
382
799
212
923
113979
4622
20989
7880
232
3067
14146
10433
10479
254
189
48759
2075
4582
22242
4387
1788
47016
38194
198373
2161
4766
629
20612
1244
470
96
392
664
14187
62211
4737
73
1200
87
3002
758
1158
367992
11779
1111
3972
10541
3108
443
4876
50680
18797
1021
70702
5728
2328
7942
248
278
543
2491
930
147
991
1104
905
3318
1419
9620
2745
418
7057
1285
992
1788
851
1180
877
2572
567662
12500
3505
879
19691
490
17353
784
131095
2697
1063
23943
2041
1979
82323
18480
3344
932
9325
2904
2364
6601
4368
523
1121
321
1148
108
1777
1537
5532
2025
9861
170
11358
15376
15642
1930
2738
3021
213
378
2073
135
791
167
1498
1931
346
742
337
171
946
15460
64
398
6131
120776
992
1142
644
3513
572985
8516
277
2204
445
10917
615
1289
2971
35073
26501
1446
5052
1323
726
9530
396
2154
119
748
470
973
130
43896
38963
7721
196
647
210
1321
34966
336583
108483
120
355
149
5565
24982
364
1607
218660
14708
10772
2501
1701
23661
88
280
15026
34491
20282
7277
979
6726
11634
3028
160
6812
152
9667
1162
7942
37286
2326
564
714
980
318
195
21674
555
15750
70251
495
19214
1867
681
1371
35445
1778
2081
3562
1791
5297
4976
477
138
1971
634
736
7439
2665
605
1325
10007
14806
57591
39044
11828
4820
11989
759
511
120
191
1927
102496
1411
1665
1428
472
10724
13724
289
21783
1307
2530
917
1016
394
16273
59312
5170
265447
5002
16455
613
515
28596
1291
3119
8297
529
217
3058
1323
333
1741
44944
5489
3391
1330
977
3266
6348
785
561
2516
338
26060
878
3735
189405
10769
92365
1786
1849
12890
13649
3354
231
450
1750
352
2310
1467
177
4516
647
559
2111
492
23374
388
375
2536
35984
254
2824
11098
1002
57262
13105
10980
14921
15307
2499
586
11123
44987
233
712
724
925
3002
2239
1894
4780
2706
294
279
1001
1283
10063
1413
15261
161401
27827
7955
30004
1100
733
7819
24016
69800
3619
1742
4442
955
735
20777
796
58
378
779
368
128612
227
2194
2204
1122
1165
780
83852
5035
14197
464
755285
493
4056
98983
30051
3106
823
1078
2286
335
109
3801
7451
22
18815
133602
53268
1334
4694
14264
236
3534
19
2284
15322
309
1850
108
1156
429
116
1447
73008
5411
900
298
8013
11604
4881
145
3945
4724
87087
17492
13643
106
1063
2219
10243
3065
2307
36591
1861
187
1601
2398
7229
11451
9182
3855
2477
35166
1366
1296
22731
138
943
854
4639
111254
12704
43134
8849
185
932287
784
267
4658
7084
25
765
1674
473
179
6588
17066
3228
2734
3382
126
350
4302
50839
745
351
21
38812
1051
4502
3829
24247
58
53112
12722
4753
4065
37771
2478
2918
1094
1239
1061
4684
1940
19621
18208
453
23
281049
3184
887
2095
17033
3145
906
3443
109
1401
2602
1846
16521
330
6359
2574
2212
3344
524
199
105
242
58311
1448
2487
534
22795
636
22412
1092
622
232
2907
2509
21306
1065
442
110306
180
217
558
1347
2035
2327
3094
280
54785
18257
15413
21881
7867
3233
1751
1305
271
464
344
230
1382
5648
2370
1638
4790
883
13210
9496
4714
217469
319
1443
864
3455
13297
1075
25068
369
81
2433
3569
771
1850
5591
177
2284
198366
8412
1696
1110
624
1226
3382
482
1084
703
911
161
85155
244
95
1378
1038
805
773
255
446
50549
2335
1365
878
137
1523
219
2724
73087
360
2681
30270
109
938
25231
4857
32051
741
359
358
6943
4541
245
1321
15672
5381
10190
3188
202
859
281
8140
94270
4212
2166
210
2011
875
72896
577
3461
3987
1964
66350
1974
3610
12138
8638
502
5259
265027
13656
19947
12245
3790
1490
1213
259
3815
387
7061
1730
695864
222453
171
1362
240
2150
16395
2402
1873
28
164189
1483
964
109
3408985
74747
8098
2541
185
4775
8693
1073
559
7914
179
49355
502
174
1755
453
8
618
2132
16857
4334
26987
16530
1113
236694
2208
1100
88121
657
1094
6243
1397
137586
235
1908
34299
507
234
10048
1233
80581
1503
507
20327
118582
123210
967
572
7971
1491
163620
19221
10948
11533
14624
376
98727
1960
12
485
959
217
669
752
1047
175120
1460
962
778
7474
1570
5635
7676
1133
105384
81729
20757
8241
219644
954
11687
76688
327
3421
72117
8911
4371
435
367
161
18265
21252
3095
354
1275
9215
1288
175
42435
3106
2452
1388
32821
56770
1588
425
19964
6750
10261
4077
309
788
247
13371
391
1492
113
25347
903
243
1874
52451
24642
534
1816
648
37000
21003
455
79
25942
2635
160
22036
2151
1061
539
2980
75
76
814
10622
808
851
11700
47791
54
22755
10246
834037
41307
3802
725
2386
31579
279411
533
1059
6360
92
218058
31
55318
1019
41561
21842
21581
10090
9251
253
15969
4783
700
1320527
840
2045
27491
2638
490
86772
59749
9435
5719
43587
19626
2479
759
111839
52
10850
146
105792
201
16961
1628
18235
277
481
327
605
1339
36887
19385
48211
49603
11593
946
12460
1133
699
359
14210
46713
46
820
13093
188
9085
3555
15367
869
118
387
2682
1164
299
97583
1013
95
9772
594
80406
2678
1853
9326
1395
48536
520
487
419
1277
1168
44288
11748
2594
31644
1078
92208
3864
41288
218
1753
1198
6671
4375
12943
235
26001
5002
1755
487
601
1111505
1928
3033
254
1239
23815
1626
26274
7020
759780
3563
2838
1487
1019
958
147
1984
6465
266
20
1150
5298
366660
384
612
173
156980
1888
1805
986
3849
61500
4988
283
1704
689
21575
1052
45268
3204
34
14139
663
4012
877
92
169
28292
150583
2531
778
780
12648
1426
320
441
325
165
249
1499
280
5511
3111
133
5858
27278
1533
16461
1151
32726
70
1802
686
2742
58040
603
60234
248
597
4421
62621
3754
184
16607
22173
7251
654467
1747
2584001
4391
469
137
6987
1173
333
16846
12940
153400
29635
1908
1760
3051
38546
170
1954
255
811
299
1374
10550
7562
4264
227
1859
2680
268
1104
2969
2093
2432
5572
3463
278016
1167
1420
1166
453
5395
220
190
16856
773
1252
574
97832
4143
811
57156
1831
46
2375
5020
635
16276
1159
1096
5712
2891
20127
16945
3428
149
2905
134
3218
15036
34577
4887
20662
146160
61181
1037
586
4137
17194
10787
825
48188
712
357012
142388
273219
24746
3572
10500
185
1167
19370
8285
2011
204
27333
19321
238393
472
214864
8887
31185
3305
13014594
489
81
19916
663
17284
15063
4914
10158
13213
1271
218
7291
7272
23247
25091
230
9133
463
10727
3622
19239
1342
939
15074
12795
415
28310
1664
5245
24776
24427
2282
19987
103493
29335
1089
13273
70484
11320
16982
299
12309
9914
1476
277
434
32087
16455
274
20404
269
71
242
4076
932
374
343
206
5350
872
131
116
20258
34783
666
657
493
1143
6965
387
336806
180
94
895
283803
65
11981
4156
47863
1907
1417
245
22038
306
33929
592
3304
3288
2623
251
47483
1645
311
1039
2189
33203
131883
1042
1915
138150
766
14979
457
1729
9821
4717
383
5065
4826
120782
2998
72854
266
6197
24029
137960
356
16903
80673
194
2425
644
1874
302
6759
25308
27336
646
4400
3883
166
313
788
16741
900
4373
43864
11121
1601
279
3380
3649
72375
1922
849
2060
276
263
1891
7239
596
1804
19851
191611
328
406
2004
13
613
680
50691
4212
462
52061
137
17923
1871
267
1399
16708
7153
185
10743
61057
11251
76068
248
1535
10619
116860
551
1511
8455
32660
594
407
3323
31576
4422
1182
54309
191
211
1270
14671
4721
659
166
404
369
49
1485
5522
19418
2986
508
739897
71950
21
93186
15548
269
13160
24604
10523
1970
2605
616
150397
1064
447
42
5790
250
15462
1485
46634
520
35516
1035
1834
47399
15969
8460
289
1963
31499
14583
126
62
53
20508
205
1101
961
25046
512
1436
44994
2307
37138
649
11056
2057
42073
142202
1038
305
16687
5459
399
20217
5424
1202
650
657
159
266
134178
274
3336
60
9286
5314
8452
2639
1768
2814
340
466
2312
48
4126
1914
830
405
423
4523
110202
2630
1280
311
9449
535
8666
15878
90778
12224
659
11051
399
1026
89217
352
435
1263
295552
2216
194
5129
344
74
539792
9165
1198
946
797
1102
969
32483
2303
10929
649
52498
41310
628
3143
754
1987
288
14573
1184
45428
202202
9261
70740
13438
27044
186
8781
18944
1038
11745
1661
1052
23730
434
18320
7699
15255
402
748
1122
1121
4369
22147
1974
540
214
5773
12310
161
707
6240
24688
45910
200
16768
2190
867
3573
10852
13768
11605
1863
172
2101
422
1106
204
10144
207
2369
1006
100768
605
289
617
722
1634
3184
19402
1119
109
986
179
16335
81241
142528
320145
240
710
2172
2076
3036
217
18540
59
2641
923
334
392
23
1786
1177
267
99570
329
770
17598
476
2132
2321
1466
322
1298
55578
88049
22763
1136
13072
474
956
1285
748
2263
108
1330
289096
2576
9849
5382
112
108389
415385
37125
845
1427
58453
222
1951
1488
17165
61413
279
934
2235
459
3636
40148
1604
607
580
8091
597
632
1510
1651
3479
13476
65975
56813
55
7280
1883
80245
261
14842
133309
41181
15920
4227
2762
458
6817
481
7510
581
1912
9445
1624
180
19307
489
14329
5232
71
1411
1288
91
59
64973
15187
378
197
13478
12072
629
491
1488
436
466
2025
1753
767
14170
11093
53409
185
121271
617
6077
5191
346
503
1516422
1683
8
1142
993
246
117576
24015
16327
364
20622
643
3499
10408
13376
34335
66139
389
888
3844
54
9411
18599
3949
486
27915
49855
3102
1208
4295
9851
2326
42334
80
201
335
7552
19995
8324
577
1149
273
1774
441
7824
920
513
112284
13250
110870
1508
655
1763
592
5966
4520
1691
22267
20689
15577
101
12165
597
4162
336
116687
1559
11248
739
88360
13196
98
144173
95061
135
26755
8755
4277
6850
7304
3507
5543
232
21908
39337
591
247
3900
490
602
17
4527
339
2133
583237
2188
38815
29926
14210
1298
31425
2328
1453
610
5270
4867
5345
1770
17602
1583
329
99
677
15925
1765
2826
494
1440
784
2863
26921
3922
457
140
2471
963
82657
3049
496
1599
13213
542
305
4739
9831
578797
78218
13665
3220
278
468
181
597
322
523
170975
375
5268
29
1882
781
3909
3089
440
26980
192
255
758
481
5151
40
10616
5120
3690
98859
6183
2896
25
2989
59
44455
698
134061
54232
658
1008
1871073
846
137
4905
438
435
10656
1258
13118
4195
1242
338
566
1365
234647
410
26235
2621
247843
1386
761
471
26005
17683
654
630
1372
1637
1055
10086
2143
4841
8776
318701
331471
4734
6113
4667
1646
25329
148
1394
1048
2419
3257
364
15311
852
605
3036
25707
3205
746
43664
2172
98762
1006
3492
3203
14458
92
19725
2512
1084
209
3183
32
3832
1428
117
1285
17286
1422
196
3159
887444
174088
526
7246
721
19389
304
8548
870
106453
3792
712
623
22929
2500
5379
513
819
2295
19165
2299
58
130613
24494
929
20746
56519
60894
977
243
1034
206
8420
1497
20972
498
1749
4124
439
1665
2592
409
2634
52
16978
107
178
1509
4012
30768
12175
1954
5857
4813
73045
2256
12692
8802
328
84993
15048
1795
1143
709
159
633
2997
4577
31
1149
22684
25364
4344
546
927
1787455
637
309
54
10301
299
1168
22743
7745
4658
50208
677
962
441938
10756
8314
2817
2715
1477
201
6995
6540
584
1958
56921
631
48478
18485
34247
3760
690
1988
1571
2287
3415
31483
3922
1747
24806
800
14352
873
2338
30452
3100
632
705
1113
25
6578
3509
714
515292
528
47
1195
1270
128
1411
8509
712
2954
5387
293952
112
14325
935
300
400
1183
275171
7006
36924
756
1023
441
38414
8313
338
744
39860
462
234
1027
81057
21004
20825
475
5432
3172
16245
2563
84940
9583
433
74
1954
3618
1301888
698
181
10698
291
90
76241
214
61916
2252
599
1942
165
12701
309
526
27097
6813
1812
530
1262
59
2323
1419
7489
295
13859
1495
451
47690
9845
528
10845
29608
7085
2670
1729
406
245
14198
2457
2184
1217
22374
776
144
1644
20718
23533
59
3046
80
486461
6011
310
9804
1398
5846
1008
887
405
6299
26812
795
473090
206
985
1697
2661
6234
21931
589
884
800
153
13927
350
1173
35112
78416
2485
24
27009
18615
819
22089
30337
1856
691
173
3006
29285
6481
46605
3250
1247
325
2808
59928
5164
783
76023
4099
1436
187317
11436
1572
5172
36189
600
2249
1039
2809
19269
563
109884
284
3397
20664
13415
1421
38200
10796
1844
237056
445
13597
35298
1898
29558
5356
5786
821
991
838
341
35387
137966
5718
3516
34
66950
21374
807
50
1350
1101
7201
1331
2742
8897
510
1114
738
53087
19958
851
1060
339
1073
1269
314
292
3204
487717
30748
1323
102381
1271
1835
1999
130
501
1182
1917
670
2749
1782
322
703
2472
351
11050
519
479
11749
148
104
3873
161
242911
20128
168169
128591
4847
13477
120
329
49959
557
5918
4122
178
8689
3134
19
55554
45295
1357
21830
14862
434
512155
355
244
649
3286
108
34360
38888
7717
1154
2385
180
29951
10120
1755146
6227299
746
2731
10005
9886
1708
919
9263
1500
1381
586
934
13883
2546
363
31743
209
396
812
12327
315
153
232277
61364
1735
15649
210
972
394
2312
1619
8640
213223
14428
611
77
1310
729
2057
235
1827
105850
298
42364
3575
997
181
3235
1956
10222
300092
40604
1384
1981
8940
1076
99
908
12627
3110
1211
69
21100
573
7873
1229
4432
129625
188108
656
5044
5235
1066
521
1366
1009
109
6125
24139
149
1337
1274
13366
64991
2676
159
2209
223562
450
5708
615
6872
386
25
1738
1075
4242
24912
2101
1901
9788
463
1034
124905
22093
15655
3973
52095
577
15683
4340
16446
10370
717
9594
789
1473
2661
1177
1590
4150
232
264
4898
222
506
634
667
13391
5507
923
2163
39537
147
1338
24351
228
29460
14340
3884
912
6288
21013
1446
991
203
31314
1424
116
895
169
619
946
3096
586
79822
1236
103
5043
44
33279
512
6074
2516
28979
16937
671
1931
3258
17092
62878
11294
327
16269
36364
172
3264
103
22981
2204
123
726
272
74
1281
6584
183497
42360
232
578
66759
238
23351
1598
742
1749
227
563129
18085
149
434
502
6385
64658
198
866
54
37022
1012
826
481
190
348
26640
223
413
772
712
674
75518
286
1213
402
47568
237
498
14508
394
14180
5656
1882
89065
530
626
203
106901
234
871
26985
1209
24119
289486
1674
2557
6347
3342
1168
15485
35955
12741
3059
941
2387
717
2929
4664
492
93
517
2839
7496
2365
1794
152
32070
46121
1210
456
4976
43981
956
16080
1581
15710
2911
858
29546
12137
610
27126
26398
192
34200
516
173
423
232
52921
1389
295
114
535
13241
975
6568
166
13334
8664
14580
23981
16769
6977
6546
609
205
21281
2467
162789
4524
13282
1931
584571
913
249
33332
26206
4244
1139
11622
609
732
917
19705
5959
1498
114578
1086
418722
251
1343
20461
52
4608
26624
7825
13927
2226
3766
31232
13387
39415
1577
608
1177
266
1940
621
18390
348
3579
7010
30633
13395
1090
1358
1682
12274
35727
1407
808
23334
829
731
2758
20521
3445
80512
2618
5068
6332
10232
19001
1962
9294
5730
1906
701
23701
22334
816
5475
74
406
67
62726
131
73095
1088
21753
2795
310
490
18735
32868
156
3053
1614
17902
143
23049
143
4521
807
691
5908
145759
838
143626
3596
272
298
3148
619
9453
7278
1199
4911
6142
10181
12766
399950
17818
297
565
37434
168
47257
79
674
133
673
57161
1846
10601
78804
3487
16688
735
429
1040
469
416
829
1763
1722
227
4544
1358
779
58011
1077
331
16579
2890
207
647
2722
473
12470
722
1499
1426
294
40268
140
1191
1250
185
1427
9545
95
27458
1893
8370
229
3569250
1198
1154
98409
550
148449
16539
3089
572
348
2944
465
1097
1686
3298
3518
1336
13455
1582
208
702
2053
1807
1493
1306
2278
2534
4806
8641
671
17104
244
2126
6793
26286
10502
17836
1992
319
117582
77442
752
3749
1334
20881
13151
331
5689
40113
1160
3453
3414
12150
682
55
963
750
3780
2539
121433
16157
2487
346
11132
114
16704
3543
14024
475
87361
155267
1267
30143
5545
682
282
1858
258
1300
4373
133
2363
8427
398724
238
758
28940
5944
1083
945
196
14958
160
755
18247
1624
63617
548
4711
6453
400188
84568
1017
260
3419
677
572
38106
3189
99868
15319
169
1791
3168
91095
563
173
2186
9975
7003
246723
348
1771
329
684
15115
5181
1998
9732
405
959
8389
281
1673
137
2222
1679066
17929
311
8103
110
345
12405
405
118892
8646
1349
1111824
390
589
73
1848
488
35912
46153
19403
741
2035
318
61625
3661
1845
1544
2086
368
525
36840
118215
941
14891
2679
226
465555
380
6093
354
12016
593
835
15
2131
3669
3244
86
16346
1527
7758
721
1533
1737
2416
4597
14857
86728
569
139241
5721
19657
15063
10322
8333
422613
601
22453
5785
4233
2734
49651
13845
822
655
926
116626
2182
26495
192
6412
1130
43807
2947
32339
7256
1005
3064
234824
17601
238372
8959
759
1673
13928
397
134
357
508
2518
150
299
3512
3816
88
2431
205
3941
211
82
1329
29
490
182
1369
3440
142871
45167
5988
93
26003
2620
654
105
861
8022
1110
237
16233
4515
10605
3392
22382
13055
1608
1612517
1144
7846
286
2437
217
5742
960
174
43301
22837
37311
268
620
948
1986
11882
13515
2069
582
241
19329
240
26068
50673
9160
1309
17377
22565
535
345
3741
27
616438
8811
467
336
21664
708
4151
222461
425
1037
5586
179283
24276
79696
273
193
285
36
26691
18780
4125
721
3252
11128
1157
7215
24476
487
330
267
6321
564
786
2201
1986
5798
3210
4144
1981
447
366
2786
21062
2140
492
61535
531
5572
3878
877
4118
542
243
800
7274
1697
69
31950
17462
6021
21736
348
9431
26252
8230
36292
317
250
27407
19082
1109
917
28747
563
2352
795
658
135
4919
428
8225
2005
4302
174
20864
10528
260
1245
7584
4988
958
377
291
368
1127
1691
6071
7379
152
13757
26110
860
96
4644
395
26846
1470
101
270050
12530
3268
10669
5504
4136
3255
4555
802
30661
1308
189
1270
853
7
646
126455
1701
12689
28518
158468
1527
180
316
351
118
597
552
894
91
13159
273
16355
78740
28017
679
7482
630
609
4267
721
5976
2910
189591
3238
106
27377
1510
6488
1236
347
667
360
2007
1299
1139
1764
2478
2980
3900
94
312
10957
10230
8081
433
18299
118
7074
164
1296
709
3411
6019
3125
5741
464
53039
141
191712
320
3110
873
293
7437
94382
13896
17
172
1308
4040
1713
10598
4930
4271
119
3615
22522
24464
141
2813
2938
65254
1906
95888
496
241
4114
29
228
2324
22967
150
2429
6550
1713
350
321
157162
87914
1035
163
780
17577
5070
17874
12625
698
401
28785
19812
21123
2658
82
461
3422
13630
3225
667
834
4212
933
13815
2033
364
109
16319
877
2345
903
6857
7277
566
16982
1288
7587
22951
113
6795
11811
6051
2846
1462
5896
2124
10603
888
6544
23527
12139
87
387
690
27199
11551
931
303
983
295
951
3690
24494
6714
11
595
126572
636
381
153
198436
7633
162
24991
448
1204
525
3192
168924
515
217
448
5097
401
7749
7256
196
1010
106241
579
1130
10799
20677
4147
3480
6888
10372
162
133
199
5704
2997
15285
5386
1080
703
166
526
306
699
9918
484
22809
61
28999
473
7015
623
28220
260
2090
71899
1753
169
712
109739
556
31277
1141
12019
7059
107877
251
86411
300
64418
6008
1204
1068
213
671
19160
3920
467
5433
1519
21793
147260
147
945
6681
2243
7154
4972
14518
129
254
8387
581
242
200
25554
2524
317
44556
9545
30461
267
42497
8315
7069
228
26126
15491
755
2876
2088
1555
167
1156
1198
212
5860
3577
47
2328
56496
86098
1183
20727
1527
12725
733
72929
232102
743
91
5869
21077
761
194306
2798
1682
2414
463
1828
3379
1595
2239
43383
862
498
141
1794
13439
213
722
91
227
2996
5315
29887
10319
16014
2535
542
448
3524
281
20
600
7577
19041
265
381
468
767
3072
15760
242
1614
740
1418
39012
1525
117
759
963
220
279
8695
18201
1100
8506
916
1087070
225
200
2153
8
86578
85
1854
538
3656
24328
304
1176
21005
276
17334
488
39140
5185
125145
3160
22550
391
825
793
972
319
850
1122
443
3419
4549
11034
370508
127
7397
2238
81
2142
24262
415
33535
1985
6780
16738
419
108394
3917
11428
11438
1953
4106
3443
1480
20
700
2642
954
52970
7489
410
231
2183
614
23834
186068
3952
19856
154
10491
229
48
24483
38024
47911
12794
3516
111287
133752
2508
19858
11551
2133
262
1614
29
25644
138
19427
2395
6472
12182
4938
1303
20954
9224
1723
53364
2084
1728
26796
21217
1422
9490
13460
5317
15892
24343
100
377
14545
8047
10334
686
43613
1944
64570
291832
99
6776
317
196
84
7056
4303
6014
35974
403
12576
17355
265
370
1969
483
25406
1852
85077
14338
142
11895
24238
4145
3914
1152
37367
364
14381
242
17307
895
1990
296
37653
160
14972
2138
1055
1044
18524
5810
7822
95
344917
38440
1233
306124
113
27989
483
107332
247220
1750
2216
7975
1414
258
19581
1694484
705
66375
1222
670
740
23
26
37402
2211
311
720
318
270
281
2696
31656
55
410
552
269
42524
2579
6798
608
1457
809
153896
506
1495
7667
31683
42261
1524
49949
59797
8701
249
3058
221
398
28915
20205
1565
1417
10332
321
1950
14675
1051
89938
10952
81
6427
697
38488
221
480
850
478
20921
3386
391
1141
1527
2512
12878
87567
91844
12532
4130
348
43080
16810
9989
283
469
5251
625
1762
18200
912
1099
9171
67274
1792
31513
2459
30787
13788
219548
2882
1299
2509
1752
4617
153891
5610
1364
1568
162
3438
8823
17483
5139
5015
134
477
62006
2466
367
589
3104
5240
29753
35440
77631
413
84357
633
1494
367
18818
11066
2257
1421240
1183
2611
571
128181
1019
63
383
26851
546
1268
26542
1530
26877
2751
101625
4585
6885
1281
17349
36529
470
7699
7376
2024
173
110834
598
5122
1998
117
3744
4885
3173
5868
3128
1479
613
305
1024
8677
339
8940
496
3670
162247
751
676
4900
153234
9834
392
64393
417
371
9546
1521
44617
526
11188
173
9301
138826
5728
12044
228
1070
1027
555
6932
7880
932
246
123
2956
23280
198
116750
709
10264
46716
13452
2442
10475
8762
167
1066
3942
8865
347
747
1429
995
549
209
1384
1456
58761
2880
112154
39968
3413
3611
2889
341
3380
566
1144
3561
23441
1110
21891
613
276
1015
11811
50478
63217
37
2989
2442
13479
1523
34486
323
1723
894
2272
2036
15205
580
1571
13573
4682
46189
21454
4253
7613
377
6743
22797
338827
26484
9471
1052
9310
996
1146301
461
444
640
5862
42053
1178
433
445833
130
2602
102647
1564
302
148
838
515
4452
1980
11373
1496
607
297
795
9032
73769
14945
4023
4322
3405
23862
6955
358
92
448
5297
3662
1022
23909
1410
334128
6961
2625
80738
807
204410
22063
518
548
2884
897
91029
10261
14889
7370
293
950
819
216
381
420120
4921
5957
2309
96
1016
1841
928
133297
1567
2293
210
309
862
549
14897
32067
2262
3733
14909
20337
1550
108
2433
1128
243
1318
8402
776
408
24104
14553
480
1801
450
73814
412
303485
41142
536
22790
6805
1169
391
93
131281
48216
2304
1361
2326
283
1577
3123
386
2263
480
176
1110
13955
979
47392
50
1192
554
163754
30
63220
3230
5395
7631
246908
109
25978
72966
4021
550
891
3783
6657
5085
101
2906
3334
1068
17213
10197
17196
712
12913
367
406
1456
4846
1152
8489
24262
30114
34171
36796
3552
2751
1209
83360
3798
3025
5201
5440
10463
4716
19848
2926
3023
5065
1257
53665
3661
13
977
65582
50291
38443
578
484
13743
101
1393
1376
36924
12748
727
1317
277
3903
730
11717
5732
5512
7163
181
4517
892
13504
13157
944
2642
2591
12290
932
3099
18998
267
680
4521
370
20180
744
15446
134
2415
13082
2121
271
11013
395
3162
7399
30140
15904
2177
3057
5444
7203
210
368
548
2452
3532
1681
1638
6941
297
16323
855
1501
522403
84431
914
539
9275
475
851
232
826
389
923
983
90724
602
17524
88215
474
16446
224829
58
1056
1756
808
1408
132365
262
480
484
407
3114
12736
16648
3721697
1067
2787
757
3350
2768
2128
1705
24622
42102
4780
1920
2396
1127
53
6271
11078
156
1193
2415
2666
745
827
260497
20297
8751
1260
8292
652
15543
3506
577
108
1196
809
71
1060
2124
3088
11000
3109
1231
407395
29023
206
808
4574
1052
216
1990
187
1432
277
125225
432
2235
23182
11743
4394
536
3013
2222
212
42678
32043
23126
67
1104
77185
232
39992
34311
269
8046
757
1014
3492
3157
155
50568
174
40467
1294
3447
5809
1772
374
1740
460
163
26935
10275
8061
224
7570
1590
51837
188
1266
162471
90293
517
4691
20440
7934
34833
1945
2320
387
6881
2493
17405
22838
110
445
7351
2248
142
1697
265
20938
2954
1654
523
1794
8644
281
770
1447
657
12697
36
694
4169
27531
3461
246
430
24063
160114
1415
540
497
92830
3879
320
8357
6000
1854
122569
29961
19728
299
407
46811
1761
991
24626
484
1193
60349
4343
25284
380
241
378
9339
1032
26588
218
514
990
602
2318
50457
119
24379
1742
53
167
415
2159
58
465
134
8636
151220
503
12372
17914
16274
514
1126
2863
2863
44054
703
745535
1164
7059
1074
925
180
1814
215
3701
245
1143
15917
1316
1510
6801
628
60722
9519
479
14720
692
396
443
2784
3808
1769
796
361
2450
22
7046
186
1702
511
525
1859
235
15723
15437
380
29
487
2373
87556
5601
16333
28905
3491
574
485
36879
2436
15616
25921
4062
852
1007
870
28481
98321
3937
33288
421
214
616
465
140780
176
107
107394
1117
19327
358
1231
3812
1899
189
29966
26409
57795
3403
2424
829
6021
985
76809
2217
388
13719
342732
712
1087
229
2918
2778
6515
63572
1034
180
3633
135
324
49418
1992
212
523
580
12978
864
97
11190
269
3545
16719
18869
2004
26228
263
350
11217
243
3340
324
842
37160
8864
1217
1085
224
8
16132
376670
14779
3609
38747
39981
4864
12421
197
43027
404
68339
20194
368
1406
278
331754
27491
1588
339
5197
47926
46119
4099
577
222
4441
29283
547
3694
32808
17907
113749
933
818
13484
17112
2361
537
5445
1299
37431
2334
4130
1892
346
2817
1578
1334
6809
1812
13965
3740
4950
1011
6557
12082
21058
874
3785
12826
1406
22887
663
1130
967
5485
3625
2589
1660
290
2808
3608
35
333
2655
101
858
161
1028
10510
568
18054
47
755
5254
495
2851
6927
693
9057
60706
72
584
491195
96472
8127
746
2222
425
30204
5899
290
104
12552
548
781
74877
11682
2815
171
141768
1444
10099
39476
96
3351
15328
164207
1026
645
3149
180
1205
3290
1246
13780
97
246
13310
1989
68473
86
12745
35968
500
14255
577
1791
6775
37
1701
323
13232
402
140
19572
4302
293
370
194
1007
7756
36179
297
282
201878
4318
192
1474
1086
1093
811
289
1880
125498
56498
533
1084
2402
437
886
26505
60891
52
72339
27669
2773
702
16426
8593
1420023
2622
5365
2528
4477
350
5463
394
673
16997
242
3763
307815
35121
239
2739
21837
360
1984
2618
2086
35
4550
6713
14570
3773
1339
3100
3082
1056
834
1740
1591
175
39134
29880
2108
179097
7796
3718
916
559
32184
2163
4411
345
27390
608
146
2722
6134
839
808
13591
30319
829
29921
1003
194
477
5033
398
430
167
605
161
80022
18730
129643
32152
2779
757
580
123
2384
10821
768
16330
8867
742
757
16527
1552
4221
2396
53992
4585
25189
992
5425
1774
590
29852
775
6314
243
469
817
6578
3840
1640
89598
500
1172
3231
3194
554
73
3584
120
1499
14754
145365
782
49426
31066
388
5534
10896
4040
2566
322628
4214
27755
73769
715
34
1233
2464
592
294
3861
14256
14866
1160
443
9799
4430
548
26163
5927
9706
3518
1703
12760
98718
629
435
2711
463
1147
17118
2914
1483
11590
667
5496
7208
112
550
12246
12616
272
25
13330
2138
5349
26376
1792
948
152
8538
9497
319
4077
12530
46
11660
15844
491
315
4546
1267
302
1287
428
191
1922
18362
676
3389
2862
853
12378
3572
317
500
23108
2924
201
2812
4041
103
311
1590
1309
402
29159
181
755
25145
107
266254
43391
592
3760
1272
1745
822
1885
16276
179
764
14212
3518
179
1487
32560
3266
52905
3562
365
2091
472
288
11667
2605
567
530
20128
13410
1640
495
10414
246
24890
1091
155475
2299
1797
2815
1341
20548
1500
2713
11938
880
162
631
1113
2987
439
64142
11338
1764
28735
12322
1706
19
2829
1415
287
158
126667
208
2631
623
222693
30552
6375
3373
96
381
2835
127
7009
1365
14824
733
143
1371
2329
4395
16342
1192
9278
11745
3170
44589
1058434
467
2981
1085
47756
113126
238
171
27072
2545
6389
380
4359
9644
58440
1998
635
1524
4249
447
33755
2832
558
178637
1217
1235
15
1289
34937
2090
557
708
3449
2129
12124
2850
10975
681
135704
206
102
18939
7418
17821
2294
278
2050
1849
2529
2675
8090
256
7773
7142
1303
2779
960
2822
192381
1744
11
932
13026
10073
94093
22300
683
405
421
944
1210
17271
4261
668
204
4835
1285
14811
19002
4259
566
9467
217
38156
25683
426823
202
471
5419
1704
332
47
3506
189
2941
288
1651
4497
36987
5815
414
23166
5139
5130
77106
7647
4310
112713
1209
1181
10204
747
1449
989
25979
27211
1873
471
405
1787
43571
677867
166
4248
4829
225
88
2299
2978
4168
56793
12139
33727
3327
6446
387
595
324
1493
7221
2606
177
133760
