2054
304
116
833
2493
1848
16894
1102
2505980
181
13291
889
2241
1060
14452
376
102647
365063
4152
393
17
491
4881
2808
1317
4271
963
273
1247
4583
767
2721
12165
1133
1236
1058
3817
3094
661
5033
437
7814
1940
18485
350
599
85
180
1565
463
2715
3499
11743
71194
95
10850
2034
557
19566
504
9496
1000
967
2924
15074
8292
344
3664
1651
306
72
1016
200
503
1270
108483
1479
3009
759
46121
845
44288
1066
329
18
899
108
245
3218
17923
13213
4282
4375
3780
3389
83071
4065
108389
42334
14187
4062
279
1549
13151
95
6453
8271
54
13648
19
52
20272
204410
1414
1326
59312
208
1777
64731
2450
11520
829
893
64
145
87
5907
913
1891
2602
2674
27236
2367
923
3506
616
16579
203
94270
11373
26281
2544
295
973
2075
25284
609
290
1283
1846
17870
1958
44423
213
763
34914
28922
162
2914
970
745
277
14340
448
1931
46716
2051
179097
43024
12317
2144
116
770
33335
2447
6930
3219
464
800
1846
1285
74
20972
338
388
3824
4524
1829
47568
552
142388
2370
38766
535961
877
330
5185
47926
759
1783
4343
11294
143626
1083
45930
501
2613
1581
3207
33535
5405
11189
1100
685
923
263
36921
961
1192
890
6977
28633
92
3509
251
1578
3575
13931
488
693
268951
844
1427
704
6385
3255
343
8940
3843
887444
15
134178
98280
20521
91
4916
377
32152
150
129
1123
5809
353
15
458
9182
28025
20532
268
248
9474
1444
158
342
6932
39498
6234
177
58850
12137
423
37425
750
906
496
179
1784
1722
352
895
2272
2605
2440
896
796
445
1151
368
18141
342
133760
30633
92
917
3162
835
1182
709
73760
1061
184
1026
3002
204
2876
9609
552
4035
453
3611
17165
2415
46135
1339
4515
187611
470
605
5973
238
6965
250
9471
247
323781
20327
6830
34387
39023
829
33001
472
127
249
1774
497
3205
321
3149
1965
395
28
127
13334
197000
1751
7617
32334
78804
6245
23602
14921
74446
53819
1565
46210
21674
314
226
3596
812
1094
572985
8241
377
4998
33560
951
1572
243
2512
1542
163754
425
1423
2484
525
1750
781
1905
4919
3798
4622
3228
535
4750
4806
628
352
3776
27653
198211
991
473
1098
1010
364
45428
876
290
248
4041
2989
23832
1598
1110
125225
865
9019
70
64558
19812
958
40
1103
1433
5790
329
11981
14945
855
7867
15403
16274
2327
647
482
152533
32
3089
448
1073
34699
140596
14170
1371
14491
3275
92
77234
8666
8098
10541
94
2633
3835
13460
247
21306
2479
2072
9629
443
7446
3180
17994
1059
2332
346
5349
684
4056
1772
856
898
283
1749
58
335
442
276
682
5629
1342
105850
6769
20921
242
829
1788
6348
1217
2308
535
355
58
140
227
5121
181
205
581
4410
149
2871
52498
157
59
618
948
6314
3099
281
129284
1163
2460
752
1453
2890
196
2894
13841
17170
11379
80406
15063
2972
743
77
1515
4212
465
710
27989
1527
555
12256
1745
105
217
23774
2887
24238
26985
334
3524
904914
473
7315
111254
35984
91
29961
783
7633
869
744
39176
11700
50839
508
590
484
241
74
795
2574
2219
6218
179
5566
528
6332
805
7294
229
117103
3082
1841
1970
2762
281
65
3002
129625
524610
670
1936
406
1141
1966
30293
1699
6389
13925
4244
1858
1019
102478
3455
93
1393
417
691
15307
3059
27
13665
4757
1371
685
1470
219
1377
731
1992
963
779
1725
3292
1077
1654
898
638
64492
718
7074
5070
95610
3409
119
619
3399
31656
2525
1129
13477
2093
486855
4376
86753
18200
852
703678
6335
244
400
694
417660
986
22194
28747
1263
391
12741
656
4147
173
246
24476
16412
22147
62
22033
24494
41897
3690
10528
2209
505
168
320
2531
120776
3567
5670
3552
35516
23
280
12016
41492
102133
1859
139
638
14804
3676
296
6568
1812
9490
2126
1299
126925
42435
1859
122474
68
1030
156
2700
426823
1595
5858
309
8604
6446
977
1298
726
1559
112
3945
7154
269
5197
4166
2867
112
1381
39012
3636
2764
6985
1156
13547
225
854
32
4448
9799
21777
16045
2811
172
310
2478
2639
520
673
1038
10389
173
1132
5973
105
200
16001
394
1747
256
23936
1285
10159
1735
1168
696
1023
1150
1148
76275
21783
2894
13297
22412
2247
407
46285
2724
3649
290
3973
15316
780
330
2735
10993
767
20989
331
13007
308
2192
1066
10619
2085
78
5728
660
13490
776
229156
1100
10451
80806
203
31
187317
593
1306
976
6523
378
492727
112208
991
2938
5259
98249
1490
397
20918
855
1567
417
49497
5122
223
22093
339
19807
31786
517
824
702
3480
364
1325
491
319
76688
4694
13
348
28915
1300
524
14952
6093
144
42409
69057
4711
116860
1162
285
106387
131454
217
109
1608
698
7229
1681
5567
502
1786
1401
626
1033
746
1819
101
52451
32184
47811
140
746
5774
12470
20825
443
524
216
15996
166
53364
115831
27
145344
2297
6795
192
19269
1086
377
2682
110
293
3004
18362
617
7277
1354
316
4400
4953
977
1651
3598
9150
945
406
285
49147
24196
4169
3159
211507
1064
9989
163
26060
404
607
26788
591
54
8047
598
963
392
531
131
391
3160
29335
16476
5908
95
85920
69290
219
383
8646
18066
2644
5565
27142
989
4521
2086
17600
336583
563
1023
2177
83593
486
6941
77631
133
1905
10001
587
599
1277
469
1874
79
13627
5635
129213
1302
2954
3288
10952
3662
972
589
169
741
692
344564
98
197
30051
2184
19415
5425
1218
1882
21252
691
38961
281049
1271
312
58011
11190
600
547
376670
487
623
9086
5810
1642
1609
5857
9391
15392
358
670
11622
37654
13
57262
1930
5444
2904
6809
309
206
475
13478
13033
1570
15122
3518
9935
3388
751
6866
410
295
72854
1440
725
21588
10608
1141
94
202
656
251
3600
620
1052
1987
6840
1094
1229
3879
80327
623
3097
415
1055
1740
366
3110
1206
5281
3177
1749
448
52061
757
1075
766
1634
2368
50291
729
18054
2937
1523
1204
5820
240
1085
297
3351
4691
10039
237
202
2545
10596
15496
31591
222
62726
5512
1127
291
108394
188984
1815
2710
2111
25
60507
12275
23108
793
2225
4373
1608
7010
27491
12247
742
43661
87
381
82657
313
1424
708
6391
20226
29812
925
26274
37160
293223
1650
1119
8568
416991
7474
1680
297
11358
2064
4368
7274
110
805
10948
8090
7059
726
7142
743
624
227
37000
6857
381
564
1092
17598
1485
18063
16263
320
1503
28940
41181
200528
30337
5543
2384
578797
2678
7272
11365
13815
1430
724
808
843
274
267
5345
3265
170924
825
475
569
5297
201
23374
17560
3125
172
4136
19891
4448
634
419
2108
1749
3135
2956
66940
2616
5156
2306
23533
712
70
992
481
190
11544
2294
938
15036
75518
371
8297
31683
652
126
8548
450
306124
20018
1565
907
251
13
3466
3420
34930
2688
76
339
2022
18363
7703
191611
3268
36
13573
914
253
1632
771
860
443
827
88215
37589
107
1590
5971
864
401
389745
2560
462
2742
488
462
11453
384
838
243
644
238
4740
762
1052
1404
344917
802
252
12689
4347
584
1233
641
15969
48
1859
10766
31029
234
510
7205
82
558
272
739
2627
33873
2722
2396
7657
26796
26163
2110
2336513
16846
11051
3816
14543
1694
841
256
2987
1557
75
2226
3917
4169
956
306735
917
380
2498
800
2498
36292
82025
102
108
29467
2618
25739
784
3320
17524
2818
506
2530
1461
3729
866
1067
858
19979
3102
2980
54
8088
759
28871
1663
2946
1590
4509
8538
4099
2675
1140
1239
348
463
1296
169597
3695
39415
457
197
2463
537
487
736
1013
80180
3414
6601
5232
1867
1732
7191
1426
749
20420
884
338
64142
17194
228
1640
1136
609
4099
635
269844
31513
1041
4124
1801
196
23909
1031
2629
939
1411
669
11929
190749
204
1183
1738
185
13210
240
16080
490
487
118
3545
11779
3878
523
55978
1882
505
1213
3233
110693
15655
220
480
3405
253247
2133
17602
4137
41
5216
338
44455
14909
2924
3089
6537
954
2307
115
2899
732
758
1131
76809
429
1980
81676
1883
36879
1503
407
657
1989
11747
9667
35727
88049
2709
5582
185
15446
472
206629
8701
441
15416
223
1427
22951
152
4261
134
3661
23066
9821
1926
535
7061
725
529
340
22942
192
133
1591
129
397
129
91095
33289
475
472
329
1753
35
43733
561
484
105914
223
6380
50295
12111
905
18197
20440
1546
2509
649
508
24925
5485
1299
116
2433
397
1485
2945
53039
528
4348
1509
120
1734
162789
2222
1350
7582
5345
550
11438
3210
19
86578
1159
4721
2909
5365
962
4847
382
247
17092
219948
7
202
253
5317
2169
14095
38488
548
236
886
8664
137
138
81229
2231
179
18609
266
3603
38
764
368
319
667
2177
1474
4452
4677
44054
34
82
13859
3411
1191
1477
269
3036
916
3188
5781
84357
3560
2356
5156
109
2137
40053
121
1353
402
794
126
12363
2352
266
1492
3121
1920
194
156
1880
299
1110
8040
98
6267
63058
3419
8418
2150
12547
1889
6175
674
5036
349965
171
38024
13922
188
15611
1347
3737
2196
396
663
3605
1149
3382
53665
1126
59446
1988
586
3840
647
776
14891
9032
1849
1525
9804
534
19620
1294
37525
1830
13415
880
407
31185
3534
941
4233
36
260
136488
1553
1121
81
3264
5381
128181
54344
22550
354603
1288
28017
4441
4941
1006
21217
1848
879
1169
394
826
1501
14329
3403
2088
14061
712
3268
262
5254
766
1944
907
359
938
4021
4248
19001
1172
19950
19089
1616
632
94
173
474
9889
16724
445
484
20194
11128
81057
4718
476
126
597
1109
13093
33083
15427
1378
361261
113
9008
21
1639
2240
303
1523
359
21581
1027
762
1366
2060
501
1341
82
2348
10917
587
198
323
342
5976
16688
441
21616
1152
268
1308
105
86098
4253
181
1151
605
435
7745
294
428
2822
70797
397
15683
373203
14255
7068
1750
38281
2114
73
1051
43603
22838
246723
826
44
109215
5948
247220
65582
331
8905
4527
14511
1669
36932
2862
1157
691
3937
230
3119
6798
2445
858
580
127550
125
235
6150
1303
2778
153
5386
11
2405
9215
7496
328
839
14197
4322
342692
467
6772
338
546
25046
3088
7345
859
1096
16300
321
5918
654
1936
4406
37138
1770
610
8636
356
16004
2655
442
5805
192381
523
607
1139
5417
514
689
22386
853
605
1962
73087
249
138
50568
73045
818
814
98762
2451
87952
1501
16903
34910
3453
91899
3182
23100
61364
7976
360
4267
829
8516
3487
45167
4941
1063
95
883
1193
713
9409
234
12884
20270
739
15186
795
1678
250
784
5035
5764
30
12933
2406
33898
374
16470
27199
5387
181
690
3542
288
1417
4013
1791
2527
11895
584
1885
194
1489
221
15878
961
34571
10479
782
3633
1039
9530
11338
4303
4869
364
810
746
8357
5948
13479
2152
34652
10717
6538
346
165
578
22809
32989
224829
135
1236
1392
2929
1178
13455
70
4617
2661
7201
6812
106
549
110075
1297
48720
816
19454
135
4130
1150
3900
33755
190
103577
1257
1294
34335
538
3249
137
14140
70484
1510
1479
359
3413
53
76791
41561
34
12290
207
6014
11179
12745
3447
9064
6052
773
1804
800
1048
709
4651
1729
30352
14950
156
673
563
2524
7819
1182
2328
991
4988
4603
5543
2835
10712
649
1154
123
302
14958
4806
214
90
1695
4783
95
1638
877
3883
3622
8849
281
1682
37431
79
1183
2626
825
183503
138
120782
4509
2557
434
707
2926
5445
5643
1068
1591
25794
15717
20362
2851
1599
159
8460
271
877
93570
2086
26273
1882
1467
1076
13036
14980
3109
13062
386
162
148449
1408
1358
9315
608
21004
1280
14553
10821
596
4130
83
307
556
24746
326
124
10132
131
79696
2070
2727
3583
16982
153
331471
15196
1613
708
2631
22565
1420
2796
15844
204
794
2751
16979
1548
5256
164587
7074
157
3095
891
8484
8832
1704
2169
7720
1014
334128
742
13082
1763
179
58440
13121
718
560
2491
91
81165
2574
10147
405
1797
557
201
1231
2023457
808
3694
10832
189
2334
77786
134
1295
327
952
1022
22887
944
1388
9371
185
23752
269
4026
1115
227
3135
89
20218
7298
223562
8
71
699
13661
79
85182
28821
121433
10796
2249
1041
422613
392
3116
421
217916
11533
916
4900
4166
50052
5704
1970
5182
171
73008
55929
3941
128386
829
294
378
15556
3250
3183
18555
11728
18615
94
1508
7396
10246
15741
4644
3969
2589
392
13330
185
246
1687
66139
566
31
6965
2621
1145
358
237
671
8989
1955
983
37134
3477
215
2462
192
70251
29408
32660
55554
285
1727
391
10687
1023
582
4012
491
477
3444
2566
43848
222
366660
26110
106901
148
11590
174
2631
1765
895
1984
160
965
47581
374
898
5043
38963
2390
8353
2625
469
27126
100
832
227
228
186
33014
383
17334
3277
1151
24576
22929
15459
3760
699
6518
1087070
6553
1844
3558
30382
3099
1003
490
778
113126
72453
71
1940
2201
5921
71450
323
318701
112713
10850
441
1601
523
131095
210
319
2204
9739
448
3884
4826
4442
56496
105045
791
1083
31771
1209
454
4580
109739
218
913
15424
14518
649
1436
9263
2278
3610
1552
48359
1422
657
42497
8755
4411
16330
18299
217
73769
11378
49
391
13244
917
10850
2658
22755
2713
4774
24274
1233
383
22894
5164
200
2942
39134
337
10090
17353
11591
1130
1601
21013
544
196
593
29097
4834
4523
53268
5864
123
2495
57156
130133
14428
3512
234647
307
1153
1751
783
985
5520
10336
1874
1753
1662
8711
151
4266
672
1154
199
2442
12935
122713
1536
523
23144
5664
6083
1909
20664
1974
5072
184
4185
11461
2045
20938
8593
60894
3354
3849
225
633
35050
276
430
19621
15467
703
11717
472
13438
4310
443
781
116687
1084
2949118
12987
658
50680
1005
260
1696
2482
7551
4442
482
116
374
3225
10230
78
337449
845
256
2453
475
31579
14866
66959
1426
707
2233
22981
1457
27390
10338
6795
808
67274
6134
878
9975
9273
216
1858
24029
1494
800
40283
232
43165
2947
2082
3721697
1761
15904
8239
2562
106319
15
1199
2921
302
171
5369
1612517
5927
2734
4122
6943
12736
4339
1296
1499
3414
11758
232102
9294
581
318
4716
260497
1661
2932
464
1002
3449
2539
109
2500
217
1962
210
2832
2081
1920
143
3329
230
248
91
152857
11479
335
12122
84619
324
45987
627
27755
62068
475
5785
13140
1325
932
2706
438
1415
190
12576
113
750
1341
2244
27009
1922
1960
531
1763
39529
59
305
39476
1699
44944
19916
1068
4789
1417
117
395
10264
118659
1347
47011
180
405
515
350
27
723
5504
2004
99
30638
395
291
3555
2851
6644
615
996
287
1750
721
349
32070
809
99
391
502
151982
219
489
1577
7437
1268
235
444
1157
28167
85
2477
242
16945
370
1654
4048
3428
12621
15195
673
8055
163
3792
58040
1686
25808
1778
2648
28137
918
387
2603
6021
28814
3033
21058
2206
3223
26935
171772
900
712
744
1136
76127
205
49426
555
299
809733
153
868
1339
484
98718
43
1210
6775
34491
1394
240
3610
1683
6588
110819
252
3443
1287
23305
390
5719
63193
3541
338827
744
62013
1450
52970
1828
621
1144
465
728
894
1500
2877
265
4052
298
7080
2579
877
2758
7567
10261
283
821
2938
1414
15710
14590
2043
44340
1926
330
17364
23137
12165
2958
612
296
25978
10291
145365
25644
83
21003
2089
377
2051
27072
8855
8400
2572
180756
1448
6113
10158
941
3577
701
231
1524
29283
3172
28073
59917
79
48536
1914
7370
799
335
37367
377
11188
221
299
729443
60
6681
35974
16738
46605
3173
49603
654467
19527
5078
240
208
181
321
996
351
267
123
1277
12139
350
13374
4504
2713
3841
94
1088
44617
16579
415
1650
242
1788
3744
932
405
7796
2057
622
1269
1175
3670
162471
14138
387
2013
29
1241
4302
474
291
290
26083
310
273
859
29336
87494
3036
7085
556
105
559
2117
988
291
33895
5732
625
1753
249192
247
13316
7726
6014
137
834037
216
703
511
39
1445
2019
1325
132778
7526
5917
3169
5367
296
820
12530
8638
478
79
415385
54602
11551
577
761
133752
2651
1643
3522
12943
1760
3515
67
1533
1664
7773
25303
21
1056
242
2110
2346
15437
23754
1308
4299
3038
1148
392
5586
29558
29460
720
3625
202402
4221
56196
11732
1961
1817
3167
923
124
152
5708
171
900
216
149
174
795
919
2429
295
2474
1044
275
2594
327
7658
4130
6271
13160
6544
2294
929
3411
65970
17662
3761
825116
16956
21569
390
604
4168
3561
3373
394
2161
186
328
2941
5696
175
1999
1317
288
2369
5177
161401
12615
28466
7986
302
1687
2617
482
479
53622
9453
137960
931
40413
3417
17118
3380
438
532
3966
3461
19326
2361
3973
778
9085
589
40516
29880
6333
13255
1697
11013
7948
12676
1950
474
11605
1945
178
12652
7421
4893
16339
2204
48478
1870
198366
64
1080
5526
19947
188108
55318
574
393
10408
604
457
3080
17100
10322
2986
2322
1260
689
195
1497
1337
377
224
5002
1244
67595
8867
5820
320145
3353
11811
18211
12927
215
515
12500
21374
835
212
281
411
53409
17405
6201
1572
480
1437
394
92752
387
27377
2014
3342
70042
992
3443
36530
147
155
25361
133461
1204
308
61625
8781
572
28
59032
1288
1337
262
19165
110
534
1165
22
476
902
12795
2268
1509
1277
40148
2803
47911
10910
19124
1122
2685
16787
96140
1861
4106
370
14905
7020
448
5251
14505
682
364
2812
10181
1045
600
29513
1330
628
3134
86411
1372
708
35855
81
5151
25091
2873
100
166
4919
1620
284
567662
455
542
590
9620
18982
1644
1139
8462
208
1359
102381
12593
615
14329
422
3184
1654
13343
1419
6672
550
447
32339
2453
295441
156
1230
761
6613
12940
3397
1287
412
125498
613
31232
5003
2648
98
1639
1673
277
1168
23294
12310
298766
286
14139
477
1771
780
91
339
779
1146301
548
1198
237
10787
7951
444
73448
2444
29159
47483
1318
2035
742
3506197
8762
16433
6971
114
320
1217
267
17031
30401
46119
2824
6008
814
1301
3184
6051
4151
91844
71035
6546
411
842
20
1028
2131
69
1021
64973
33887
1914
21081
11121
165
286
12320
1931
2299
94284
501
531
3957
249
371
30140
1492
1281
11266
312
168924
8802
3461
17213
7254
17356
3229
950
58891
850
1756
34360
3518
690
1113
17976
4295
15361
464
2910
5122
11517
135
43573
11428
2114
318
1899
7096
1423
408
606
1278
24247
152
4211
1839
784
25364
1723
1051
1802
164
2335
212
17695
16276
1077
717
38365
8548
2066
26691
20336
1539
254
4769
368
486
26268
2889
48676
86098
2328
4373
1185
1019
13055
95880
276
3518
10756
264816
4792
2416
577
18257
22522
577
4318
610
44994
284
606
4737
8825
1407
59293
1246
3492
274
55563
7658
31660
30
7337
430
30419
2850
2326
316
20349
1498
6011
4684
337
1195
8407
1484
154
12722
1939
27839
7475
1294
2103
18085
152
566
5297
122
27009
1200
72
1461
106293
77515
1274
7083
1081
3545
130892
19851
5742
390
95
2201
19700
87
844
2849
263
37790
88121
3290
1833
6029
450
4231
495
536
3145
63
166
26389
217
788
13743
20578
2430
103493
17349
1944
1914
2693
9590
75
12175
6959
16030
353244
501
598
414
83084
9431
40268
39
6414
18821
34247
13439
10275
778
23334
2783
2630
99
700
12463
65945
1329
294
2545
1115
468
158468
447
17821
43021
656
1227
601
50208
222693
425
15327
2529
545
59867
1136
514
7699
332
903
130
2774
1592
11078
18837
12547
2395
37
106241
22797
108
1296
10048
26772
8230
106453
7397
3861
746
1183
1695
3203
32906
2200
71924
4521
1410
4497
274
3832
3380
482
992
85155
29452
530
922
24839
874
13927
5616
13028
351
10433
1422
1076
936
1312
15723
4022
1310
19002
482
4972
4004
17601
1844
426
2451
1258
1737
8320
60
84568
620
1979
526
35342
15642
1571
2221
290
14170
1713
1157
1321
11082
24856
1752
475
16541
743
22
2676
327
7976
1467
1876
140097
35968
1153
10620
117582
10200
1066
507
249
261
3505
1128
17136
951
1390
1585
239
25314
740
141768
544
1218
480
3058
51629
2485
2429
11360
6813
12622
12246
316
12616
418
5713
517
4093
30204
345
10320
13965
147
1496
18869
10698
23661
677867
993
1234
246
973
352
212
110870
405
1614
210
7510
13698
1866
558
17127
19657
4582
961
312
2235
6450
178884
56903
1144
29023
140
1805
72896
72657
20662
2863
1182
42364
45853
10510
14180
37
8171
933
10301
632
1853
20127
17362
1135
5869
18265
552
9851
853
8424
835
3053
869
180
18559
80673
819
246771
20
15644
490
454871
2742
401
185413
972
1846
85171
264055
683
1906
1038
3435
248
23182
14419
19318
1275
8993
55
1111
218660
1704
13666
1883
334
3563
1479
9372
1404
9497
430
1691
117
251
1476
435
98
45295
396
1217
597
24164
2310
4631
230
3497
137
402
3864
15699
2911
373
1099
1588
1568
403
56037
308
1356
2698
8509
25107
226
54281
467
2989
47690
3597
14433
1342
258
626
21344
2512
2312
1217
7846
31499
354
565
729
206188
323
1713
22
2073
505
1226
745535
986
5298
1577173
7291
712
250438
46
159
6726
628
310
339
7451
85
2226
1213
21561
4609
697
4156
192274
628
1479
1029
1508
48002
564
416
335777
3453
983
221
161
16856
22790
140780
757
2626
6495
6370
298
333
226
11050
101
4168
13257
413
4766
80581
1002
5860
439
78181
392
543
1389
190
485
1142
1806
983
303
30319
1422
720
42678
470
632
27458
793
12124
1878
32883
2734
16028
20677
88360
3761
7731
174
22374
1200
62290
11228
19403
344
333557
3466
324
209
29889
821
276
1001
7203
1546
960
47768
1926
2457
1288
357
3572
12552
1039
772
13442
72107
3440
657
629
2422
122569
2518
198882
203232
897
344
1661
31333
626
17485
2269
687
22356
945
15755
2172
6000
4300
453207
56921
1449
535
5718
46
9947
30117
578
9123
37157
823
8420
2097
1559
65254
659
1213
5771
43537
152
6243
949845
14338
2003
1245
870
979
1101
10264
50241
3863
7310
2212
238
1075
33200
9190
15784
316
11033
4252
167
3235
1019
180
36924
5131
69
831
27
50573
1166
3883
865
5150
9805
292
178637
179398
806
1567
959
739
1795
808
1385
1092
633
39992
3462
1091
4404
12669
141
294
8914
533
134061
10099
18239
1271
4526
118229
1791
258
26001
110363
155475
202766
14806
42511
263
7170
53246
13999
1073
1270
116927
10222
6788
1701
10631
7852
6750
3042
331
1587
1525
773
761
535
239
4577
95
18999
14256
552
511
585
3051
1046
240194
18390
27827
1168
493
207
400
1650
11013
1086
20954
263
29714
8765
20822
94
73
1069
43664
270
592
402
60706
376
1811
17
1023
17961
3708
1420023
386
6240
352
11748
6671
1527
16557
32067
44987
844
2485
447
11132
166542
1846
138826
160
12296
12186
78218
2935
1275
2929
1436
784
29
589
32051
2501
3421
5800
1721
680
23834
4087
403
3724
31166
315
20337
15363
97832
1117
1508
1611
516
1309
679
12138
5414
8911
1184
2813
511
27552
699
747
3971
974
14897
319
191712
2805
317
61
293
243
488
3837
278
6293
613
1008
34552
5132
2980
45694
493
47016
416
1444
266
1510
822
906
2188
6428
361
1628
27097
1078
8013
1685
51345
717
668
446
3543
7256
363
421
595
9171
23981
125998
4857
456
2069
117344
2130
204
7898
38
173
527
1892
1195
19239
426
13175
13768
2252
3006
715
109
621
8863
146
1985
797
14580
19088
1030
666
894
503
10975
1598
23115
6427
385
630021
472
1303
749
2318
86772
7772
27986
167
932
364
111
151220
254
654
6085
2032
8439
55578
589
62291
2364
219644
171
172752
237382
14628
1038
5164
14573
406
139
2365
60146
1504
405
1626
768
25329
164189
1397
86
410
1989
2476
63217
27303
190
2591
6743
3036
1753
715
2357
4072
2172
8412
35073
279
3579
1075
8387
30995
387
501
15404
239
496
1506
9638
721
12943
2675
1066
5063
29565
811
52905
3072
31
375
450
91
50860
5959
7083
249
1604
267
1210
986
64658
300
3005
3967
8087
13504
1259
3269
1568
6104
269
63
1072
47
3878
247
216
2560
6714
3126
1115
25308
167
1157
2386
1104
659
5678
3562
446
24139
33929
4145
6795
279411
16333
614
24622
1741
582
89065
1601647
17066
3040
551
2163
1055
577
481
744
3106
9117
313
112
2153
909
1026
104
360
2180
76949
723
13901
131678
317
137006
723
2478
1987
15205
1831
2414
213223
107
2232
1092
1634
9519
45649
98727
65763
41116
92830
750
465555
551
26126
78966
1119
6077
12627
2602
3673
3747
886
119945
795
566
1518
2818
597
1530
728
1986
34
473
2211
888
21049
28091
14559
3942
241
4677
304
369
336
24262
552
5459
230937
12748
76
6689
12182
13227
38230
2539
55975
4780
1951
92
86728
9160
58
152975
3327
4356
164207
15577
399
29977
4212
489
492
655
767
309
1607
11593
2245
2352
2452
36591
2472
255
4012
35735
3970
10374
231
1970
611
1110
838
579
1888
7006
9907
14187
2015
2908
12120
827
126
12584
738
1095
631
296
1589
391
7584
2098
4416
436
1197
2312
9301
4529
465
22745
582
22089
8691
5382
1334
16276
12755
3382
4076
1838
9292
15245
393
583
927
46317
4817
265
440
13250
19697
7954
21830
2773
1240
17574
914
100768
5507
997
53706
411
2881
3792
1881
7410
1519
666
1705
2037
407
580
2155
59
2917
2299
24776
251
2642
61057
4212
2179
92164
9772
2211
690
187
6259
375
799
956
1142
695864
345
11217
425
32927
4544
46
3239
680
13196
77543
6411
985
7226
15285
460
1302
327500
27333
2719
1050
21144
14508
104
15520
453
8155
1053
280
186
6671
3168
265692
7278
8292
313
409
530
5065
5068
395
68339
949
58593
21679
4857
27485
3109
213
222
417
861
485
5237
604
235
977
859
255
5125
16688
2093
153896
937
297
5899
8689
1279
1372
986
163
12676
447
6071
23441
15105
235
4973
537
2933
559
105684
33162
507
206
311
380
56
3501
17284
20798
16530
2516
487717
1059
671
28999
832
26755
2011
94518
871
214
189405
9543
327
244
15484
865
776
64570
785
37434
161
2121
1471
2437
481
12378
148
26118
475
5333
232
1085
545
3802
4381
5065
31425
283
1396
15322
934
367
4156
1954
55
3710
108299
66375
327
83852
598
500
7684
121271
805
21062
308
22684
6383
1812
121
1665
2040
3980
25
1454
266
1286
25118
382
6879
17037
7304
1827
73028
16521
64
3204
468
716
5572
95820
48723
50950
2424
84993
31743
602
1770
1426
1406
771
6759
39822
423
70979
10463
10550
847
23025
12150
3336
105
747
916
152
44589
658
10273
3489
1146
703
746
1066
580
3258
27915
37642
250
174
2159
3763
1794
722
1863
45519
7625
47756
2050
3912
615
5471
206
9459
214
81729
142
13459
2326
27166
2188
264
2286
608
496
142
8
16132
14293
1624
2789
107
119
3609
55166
17341
194
356
1803
4175
1476
279
516
131
139
94093
9849
8117
12106
28495
2309
18780
290821
152
4753
209616
2097
10147
40822
246
9466
34833
48025
1064
335
1665
2676
4406
89863
4249
26980
60455
1917
4126
1050
440
4658
316
49355
299
6943
229
1499
143
10984
3786
365
18561
35628
31713
153400
1182
744
54682
648
1100
7822
1774
2109
838
2955
5315
20689
319
133
8947
126572
6638
1226
13129
1924
415
329
7280
8151
26621
152
406
2896
231
776
12701
50599
1496
11212
32677
95061
1990
425
795
16644
4841
103277
1854
1927
373
807
802
1660
657
126856
4541
30787
7003
616438
367
129
3109
1142
2876
183
26286
24626
39615
65975
362
168169
8760
185
18732
9133
211
1267
20461
5648
3342
7824
24104
495
15111
23205
40467
263
20128
8693
18235
378
511
1255
21753
46811
143
24483
850
61181
5067
892
8270
521
3349
38888
3331
2183
2058
1565
9134
309
680
4639
270902
84940
5388
2622
50457
1234
225
2768
13241
2303
7493
3543
1487
962
1180
2090
13928
1393
732
458
53992
48286
8267
1026
65616
2669
1172
2124
355
10079
218058
64393
594
77
71836
32864
443
152
3104
926
5708
354
3519
11928
703
36924
20
39346
682
481
132
5130
2065
6933
1208
5411
39824
350
65889
20556
280
7362
756
812
1920
1058434
145759
2651
1305
1121
759
26884
1113
3972
1158
978
61819
255
554
2784
204
887
1921
14325
1395
2270
25
724
355
19321
234
176
149
414
37791
40696
239
58
1295
21825
3356
130
6817
958
331
542
177
3669
5002
14979
3018
384
13811
1852
347
743
5094
679
20205
2338
851
26921
61
3340
9023
108196
26833
10907
4885
3562
851
162247
20297
10995
30447
392
2682
2385
13822
53146
578
46634
79678
309
5323
12704
177
1326
2040
382
358
173
3949
5419
72734
363
11459
3385
1488
16937
935
8572
1114
690
48568
53702
3023
23618
28129
3279
7971
336
1110
5052
799
2222
17907
405
1463
617
5241
3922
1287
2174
80898
74
1035
19321
3657
341
468
48408
9199
3689
13597
1721
13955
42102
1488
1742
4259
482
331
814
233
203
1691
1493
171
2393
632
1196
79822
4856
38812
2216
807
367992
181
344
2057
464
39860
3134
3109
3505
2050
338
1478
488
2144
242
632
623
1239
206
28220
852
231
1198
1673
96472
534
343
6713
1428
721
1338
1835
3072
167
928
21334
1054
17058
2436
32087
64297
182282
39511
43383
2375
950
562
28292
12530
1308
13376
314
24464
1982
2263
38815
344
1545
1907
6568
11672
632
2509
16269
21445
100051
27586
1089
97135
1712
2692
6026
17784
1956
1543
1908
1807
6470
6171
17519
175
96
475
365
549
29094
775
341
671
3028
301283
2432
7873
24642
786
1211
167
19303
773
6465
8061
2284
5139
4813
1797
808
7268
5302
8285
4846
844
566
196
904
69
291832
831
10534
360
634
173
1638
100
646
605
932
1676
1794
77106
222
9411
173
2528
436
38443
36364
1241
235
242
1849
253
610
23280
245
9594
180
2541
2433
294
333388
3615
3088
1193
638
10243
278
657
21454
10370
7717
321
232
1094
1856
398
22644
250921
8074
12723
9246
3570
12327
21706
15969
1290
1111824
2648
138
11
2329
15313
2025
2487
3266
3523
6049
3123
1469
822
1233
8691
1604
47
8308
10404
580
2516
199
138572
407395
111147
413308
16719
708
10005
12978
3558
339
1923
684
4753
4921
37125
174
1786
1164
120
1682
43195
239
109884
2524
1349
98983
1133
486
1248
11675
289
99
1176
671
313
1078
4841
558
3615
1196
2940
2124
1697
113
1166
307
1733
3415
9964
492
1199
758
2025
847
14218
5544
1365
7942
245
3763
666
10656
13603
361
930
2832
16978
153563
98859
213
23193
846
4520
617
11745
10852
335
15255
6472
5245
323
636
3374
3869
12913
2407
2186
2304
8641
1011
518
174088
13780
32868
878
8864
14409
14352
8515
7374
363
19307
148
147
2768
441938
834
146335
10929
1323
5737
319
29753
2069
105
4533
299
2419
24991
26588
613
61455
1590
3157
663
2935
2064
27211
1307
692
5356
43571
282
3910
16323
576
1765
995
1386
8506
31277
14972
171
1241
962
19160
58709
127
2133
58311
325
24628
1697
2530
998
9261
3771
34200
289
628
49066
30452
6515
283803
60
667
15187
1384
13757
4717
2223
282
273219
299
24641
1472
171
3064
47285
2178
34031
748
5432
1768
128591
14381
2002
2309
4391
10095
227
5773
104
2731
15319
7482
9897
84
598
20
5859
2186
414
398
40580
557
329
1324
5015
12405
3608
8827
981
50
9304
3096
515
305
754
973
708
2254
1015
2846
623
6321
264
3476
25811
604
19052
24890
326
20282
1801
3106
2966
62006
2828
755285
14264
1706
710
796
1143
36
15649
88580
8046
3611
69487
2182
98321
49959
196
489
155
39968
13007
16997
2228
1081
4574
1638
3984
487
12813
53
54784
80307
2933
7474
261
2745
11645
142771
191290
603
3350
2197
1212
3576
339
2041
25083
3674
864
2076
461
5979
1330
643
4938
4422
6019
1456
1334
645
17598
299
2239
3211
28970
1751
138
1572
4340
797
1849
3760
2920
428
137
225
690
90
580
1239
407
18368
54
5786
46536
50333
318
4371
1674
5873
2452
5088
1657
491
4780
2513
4106
1511
770
323
917
9279
19062
161
8314
4898
317
5572
4334
9886
1264
5875
2062
479
5988
512
170
630
586
804
174
1211
6000
3966
348
11477
19181
437
6909
1979
63
10384
229
61265
433
1687
1074
9275
636
3903
911
10980
526
68
174
419
649
72764
1152
241
321
306100
829
259
16273
247843
114578
23584
21881
26391
77870
12019
608
115094
29762
3424
1134
1420
462
2768
5433
37835
329
319417
64872
445833
570
37
4962
592
232
19099
5815
4359
10316
15750
12766
1326
910
10799
38545
30748
87567
113
109
38246
513
32440
178
307815
8539
2863
2189
2188
921
23464
1702
331
312
13159
3725
22378
10332
58
1432
56793
42073
219
550
975
11247
241
460
259
93339
615
4027
23331
477
2996
1309
78740
16484
15311
1001
533
9997
430
2639
2373
171
2328
118
16382
7658
1713
7459
3526
228
295
3298
472
24626
2848
27531
1065
47
17241
555
1552
72339
12309
3247
413
26501
2592
320
783
4168
829
33230
1111
1614519
508
133449
1349
113
3290
92
53087
2766
536
227
19691
12725
2083
1276
194306
2594
198478
4195
1320
1198
10204
872
613
158
456
2627
1567
204
874
13153
131
319
16909
1034
45894
1232
2324
30040
1103
34527
144173
4158
2208
89437
16543
135779
1418
26899
609
167
55952
3809
4896
1582
1566
4741
779
2192
90293
26562
36987
2329
1703
16810
523
258
308079
401
3477
11123
35445
7203
295
76
469
1143
601
398
24912
89598
28686
89554
256
71
209
19995
3266
1487
667
14453
598
283236
878
1223
415
1046
350
2635
1512
1252
1560
1896
53051
224
29103
50828
6113
157278
5145804
92
748
12421
1298
758
29
1872
904
16900
213
408
16947
180
7570
2159
6872
1250
745
530
394
4405
148
1607
1708
11617
239
3922
64084
6197
13761
25189
348
594
434
2922
225
1404
735
16475
108
370
5496
26877
180
257
318
29358
485
202
681
5244
251
9545
279
15514
2036
1415
2419
476
2156
367
57795
789
67852
155
633
376
250
1096
7244
2976
456
611
2779
2743
31247
2655
368
61916
176
1997
25
5966
572
291
133
12346
194791
46728
863
232
19617
584
27969
798
52
6074
574
5600
367
6068
4430
22068
1323
414
15367
21736
4323
31576
131
336
3192
20227
41121
1645
16687
1708
196
203
805
332553
3384
3797
763
1011
89384
521
10500
1922
2805
5545
980
1084
3357
755
6887
167720
646
686
160
220
1577
900
6517
161
19327
352
570
2167
4949
150
139370
11876
1447
741
74
542
8497
18131
23928
1059
1026
3897
12193
7418
417
218
418
61500
472
172232
12341
1543
5398
6071
992
703
11858
683
387
1708
780
41276
2534
38156
469
577
16704
3419
177
2918
1737
25625
25452
9918
113979
554
470
1193
675
560
96292
101
11882
16245
629
29081
121
3860
76023
5818
15574
93
1180
52320
6557
5182
341
55
96
4849
597
268
381
1555
943
66969
883
105698
10770
18252
227
459
81151
497
3039
1692
311
3815
101675
277
324
7858
4520
31650
487
824
64
2636
3755
2217
16857
142202
24806
243
11587
144
13896
745
1173
565
6142
2057
309
3598
4498
675
7283
5044
6800
9224
1088
21469
814
3785
1105
9158
2045
4521
1253
1783
8815
1166
2679
1179
16961
26846
54357
11251
3687
1362
29966
347
1344
4950
63700
1153
820
59
293
110
5085
13
711
1460
656
11000
2084
310
399
2787
463
36189
14055
870
1417
4549
21202
5632
249
270
26235
1019
2814
722
10063
515
1017
3917
7324
5473
37771
1034
9299
93
142190
6587
25231
4768
243
3458
60538
84431
2286
473
18599
7255
10724
15136
875
559
715
9176
2348
35529
3334
2770
5379
2815
380
781
620
714
260
2518
108
1210
749
8117
876
312
34170
5610
98
330
7252
265
5475
3286
150286
10372
530
9205
5791
3785
1521
36179
1590
563129
1468
10605
13952
1834
136096
2194
20429
4393
23858
63572
43027
24982
209
5511
21135
962
510
805
605
2641
345
26005
338
3844
709
54073
2357
2572
500
923
1873
304
1187
137
192
23904
110295
326
114809
9609
1542650
16500
353
418
1104
848
4585
1942
37022
378
5076
473975
1323
13158
222
143
379
1336
1156
155257
567
25030
4644
7676
1492
381
82
1069
12736
12584
2834
5605
163
43994
63454
212
1902
630
287
1958
4371
733
3327
102
91
463
179
1270
150
2742
150
1616
1767
112907
431
22837
528
4597
10073
1755146
71
539792
73769
18201
628
182
341
4667
16708
503
232
26624
20757
2998
20461
1564
148
16127
480
6523
7208
838
2029
1687
20404
4652
309
281
5821
158
89938
94382
8004
110202
603
917
191
5350
3735
270
1052
3194
194
4720
516
350
503
439
2101
12094
4867
1235
19820
4271
954
2971
27520
819
388
223
14624
6375
1081
888
7631
790
120
167
468
1120241
24530
2263
10261
693
1277
16395
9696
3676
27407
116
23566
2928
1065
2146
2459
34937
825
686
50
355
38194
1380
22382
613
602
12692
486461
87361
14779
44597
3111
826
1038
912
8151
3573
51874
31444
1008
829
13591
828
7489
13404
2248
3594
163620
1659
12950
423
179478
25979
1268
16037
444
3952
1063
1394
113749
80512
15168
23351
1268
251
8489
11768
1969
256
38454
57114
352
528
2978
521
1472
85399
4130
3058
244
11749
13310
356184
4310
1429
672
1965
7084
29852
11320
3584
548
618
155
4684
1446
579
58138
3022
3923
13630
673
3295
690
261
117576
69555
6427
47863
3133
7334
9087
817
7489
24315
97
37608
22
2486
237
1198
2679
1508
891
1597
7667
152697
466
254
4477
15321
14495
655
1896
345
637
295
11136
3821
9326
930
35298
66350
80
1318
339
667
26044
2299
9831
3225
3852
218
845
114177
391
2324
2188
4914
2826
1903
27557
342732
15616
243
432
4124
920
19757
8864
5868
127074
14708
1358
22660
2724
2521
3251
145
1161
196
1819
784
178
4820
322628
624
690
784
8910
9339
11451
930
10086
2889
1061
959
8091
2404
15917
30461
150890
529
3238
1651
370
277
1871
11836
311
3814
1490
257
413
132365
1128
39981
24461
31950
24276
18247
3386
1402
2847
12826
302
9278
1087
1512
693
96
3430
443
43261
1439
333
8032
23157
709
6001
837
1873
635
131
1640
2698
27957
1300
5205
58
2318
1421
92
620
88
35112
4546
49900
1056
590
54232
636
32792
19402
13139
793
2257
21855
43222
378
1804
1609
78
12224
450
528
19626
621
6021
1413
153891
621
17
1333
2102
205
472
4302
7236
14968
661
246
39337
439
146
7439
473
2063
861
679
147260
354
16982
8
17809
5817
22300
300
383082
214
25
7246
5214
266
5424
1956
3686
712
17033
12625
10081
548
13913
11989
33359
10957
15261
147
765
307
733
23
3836
311
3443
775
994
161
2980
3537
81
5025
1070
4143
5201
97
37653
5390
118
964
143
10088
9792
13082
845
272
18887
1187
51
200
242911
785
1787455
1310
24015
1078
406
3770
8291
72117
342
5862
569
918
3067
216
467
7226
13484
126
597
47392
1433
1971
485
28082
145
706
12372
2238
353669
894
1794
4577
43981
28518
1626
66759
59797
1026
602
2393
492
141
6728
381
1854
39012
3323
939
343
2235
1221
2944
1037
66
319
3801
1762
7069
13783
1708
676
4025
1992
10669
6229
11034
7782
2365
65
520
14595
2073
6540
435
3170
6453
2929
1752
90
2132
709
10062
267
103
960
3523
2048
20180
25
1533
1466
295
19252
714
1421
684
316
1331
7020
519
35121
2528
705
1130
2576
170
2467
280
28310
3500
22539
44
23978
1898
8775
1618
6159
261827
2809
2579
2891
134391
3756
61535
347
64991
12552
1608
160771
211
10659
2786
15066
694
46935
419
664
487
29310
1656
901
309
12448
1378
44841
198436
185
1704
485
19221
48188
1641
466
1431
1097
57591
468
712
64
198
186727
12532
112
35912
644
3821
2095
81
111287
1112
308
2456
81241
425
10523
108098
185
2262
8238
2081
456
1847
864
17
15733
5489
2918
7758
17988
572
663
29921
22693
526
2307
5170
1868
923
273
13750
1209
9007
6628
2576
3498
1007
29146
444
252
86
52
2198
27580
631
7277
11660
495
5020
10601
172
181
15887
3808
855
2351
56519
1551
1527
951
5395
7975
38908
4214
228
5155
2660
4756
213
768
1345
10622
282
33694
462
566
693
412
246
42
1495
1029
244
18778
866
482
26206
21824
405
39984
4094
5721
328
1756
73814
16319
111765
39140
1160
567
334
2345
1245
1765
108
7880
1177
11436
2535
415
9449
216
367
1019
1168
8875
1106
1289
2326
202
60722
940
59749
37055
8324
35724
2312
3910
4119
9788
1353
21842
205
3522
222461
559
1751
4837
2340
1524
48216
9367
2303
253
1025
29635
8957
7955
22036
2385
2751
6771
2216
22038
235
490
2402
1977
193
2696
730
3100
14792
2779
8624
524
32085
19848
197
724
204
2086
10935
23189
1896
11811
39409
1262
2795
1398
54327
6526
54
3305
370508
340
125145
13376
14474
194
448
617
829
1078
16342
1376
1537
135
690
3909
682
348
33288
576
1310
888
1629
220
13090
44676
20027
15028
348
9229
6885
17286
550074
13401
8530
72375
13689
133309
262
495
136100
2163
2697
408038
138
1247
5720
147593
554
8897
443
298
3808
14545
409
1644
297
526
289
286
156829
2107
1154
717
28481
1386
164
22242
138150
1268
548
47
4664
16040
1526
702
4943
174
25707
3506
394
478
320
3829
30661
50
8313
6987
1374
872
36
3802
466
4421
1088
4275
212
851
109
28596
1009
36529
988
520
608
1012
9545
2370
1854
63625
21837
192
549
56519
3920
3110
1017
9546
34653
777
443
3065
4911
2738
4988
1239
311
33491
291
3766
85077
2670
29401
56498
367
91
3736
1153
6437
1030
1260
531
2491
4125
6048
1537
1158
98577
551
331754
963
1954
201878
554
383
75126
1526
51358
110
592
13709
28357
348
204
570
191
5483
584571
3230
229
3214
3599
154
109120
173
281
1205
16412
859
12111
369
1923
2620
13950
2697
318
493
236
730
498
912
436
49651
551
16426
4068
4905
2035
156980
279
1914
1279
169
159
12072
1218
15278
729
17914
28
941
590
486
628
306
5139
3176
5689
17757
1495
26071
1890
2425
59
26228
42261
1380
14210
133297
24262
2609
656
2534
2997
677
272
4898
568
1134
722
2501
4638
2188
808
26252
3425
649
2344
305
185
12648
693
4023
574
19581
9165
347
738
150397
277
468
163439
7294
16446
281
180765
212
98
713
430
19767
867
17104
37286
1730
1473
369
15527
299
182920
1431
3356
1478
56930
34062
534
31567
233
51969
1149
547
2884
133
92365
22242
160114
1157
9467
1994
71
43587
14754
645
6227299
640
3026
1028
7046
1843
1474
1517
1302
11211
1325958
236694
25347
2963
13318
204
62763
3989
826
592
661
1104
736
15695
593
1013
17556
52773
10128
714
440
11604
579
48976
873
4249
1060
2208
8677
10772
21891
733
26068
605
62723
160
84519
117541
5268
1074
198373
43888
23912
4201
8125
10012
26851
394
1591
25683
30114
2243
45910
2839
824
8024
2914
75486
663
12291
2556
1729
52154
807
11342
135704
586
2928
1845
111839
7215
1382
3463
205
705
167
112154
29
45813
225
1018
48759
3572
4943
1102
914
620
381
26495
1119
22170
183497
3470
6488
1483
10845
159
4670
2625
474
5779
14824
101
502
644
3257
2918
393
296
9325
523
5241
5957
13719
359
2805
18705
39709
960
3507
25406
2369
4724
1281
2190
124905
1947
19535
364
3690
4603
33332
6360
216
552
1676
1740
11505
27677
23054
2203
50
17874
636
3095
293
3172
8578
20864
223488
34486
196
396
339
135
9644
2357
1456
7057
189
2506
35955
2287
4491
3773
82323
513
34
197
2622
2012
33264
133602
2905
16446
354
3901
594
280
7733
43128
1115
97294
498
2887
10869
3002
19385
37531
13157
796
709
15413
1289
70702
2466
141
7163
172
655
5522
15049
240
1728
3170
380
93
4395
453
8751
8427
462
560
241
142528
34966
332
2909
224
1851
9914
137
1149
4299
209
864
86
2669
1030
536
20128
201
3668
625
20272
43264
15063
515794
16648
17261
677
282737
8389
1058
13644
1546
27044
479
345
199079
20612
277
7642
41310
71950
27698
89441
9891
262
16964
1270
25145
16804
33100
22866
15760
2808
1179
7360
5191
29457
23166
172
90196
4009
20727
2278
254
4541
36
10847
656
23981
1805
44537
13502
3585
326440
916
14570
1477
755
2981
6550
121
118892
146160
93
2418
38546
54355
1252
1874
12152
357
512155
4421
844
7009
917
133
654
1130
295
4118
444
188
9825
29887
7577
346
7924
1894
1915
2005
4394
3344
15642
1774
1731
233
2140
721
1901
28134
1360
3071
7151
727
21
11723
700
1737
3849
109
49688
1931
3812
2087
801
508
3438
3092290
142
24688
174645
431
7015
2463
137966
1158
963
16607
23527
3750
1767
17902
54785
2722
134
532
8640
767
15462
276
246
3447
278
27491
1480
1710
43391
3304
1160
1367
131883
2074
1125
6570
1478
28059
336
31066
630
22267
280
11938
3702
512
4015
558
253
932
1250
732
171
700
77
3944
979
285
4780
102945
1702
4264
4169
320
15182
4244
228
23531
21474
396
15491
1598
1969
12323
48
13076
1757
392
5591
107877
25661
4080
1656
520
126187
93
183
1900
1998
39537
76241
13118
304
647
125
3023
43134
1730
243
4069
253
5706
568
106
1173
1401
676
323
246908
38794
1743
255338
1709
77442
38609
617
17
686
4432
114
2515
539
9421
2309
2592
3430
1638
3422
555
176
12
671
517
559
21931
87
2229
1192
346
17229
196
3989
1674
13554
34577
24343
735
1797
3987
235
23862
337
7179
2091
19077
57734
859
1189
42194
940
49149
5339
4144
2151
8566
656
327
3148
821
565
16346
3936
14457
16284
432
220937
582
36796
2798
2373
1042
1064
849
805
570
197
4964
1283103
259
1042
20665
3096
6193
837
220
1495
2055
372
5915
322
1792
1184
180
15
107394
22166
3064
464
2372
45366
939
1256
278
2463782
27669
2906
4608
196
1515
493
51
329
10533
473090
379
23049
9215
380
1471
674
1651
104520
1414
1691
1516422
471
931
17851
13498
271
200
13452
178
283
3628
631
1644
558
7953
14842
2146
480
412
39044
1222
1291
269
32900
6881
659
10385
73095
1093
12762
1421240
898
36343
21281
428
50478
7063
405
4989
759780
932
772
329
9583
1365
3188
679
707
995
3161
67
17377
1289
526
3584
1167
756
1082
102496
1052
148116
11345
689
96
3618
100896
558
14012
1139
19329
14047
2353
217469
1499
729
179283
3408985
15892
14379
4114
1343
507
4344
2642
187
5712
40604
14720
2402
1814
11323
9948
1317
265447
13093
103
7521
30420
310
32313
5044
8297
37685
10754
597
6270
1593
23495
17492
27796
3786
2890
5270
528
245
30933
430
566
75949
8344
163
96
828
190993
320613
148
11120
44654
21123
65735
16355
3190
37625
1588
10769
7804
589
14228
1127
8370
78416
7351
181
13014594
177
358
68870
45318
192
434
335860
7149
18371
404
5139
1789
23730
3164
87556
90
710254
502
62946
1579
6200
121
86241
1325
1267
83
90778
873
348
407
26546
946
1369
47257
1073
1379
383
609
8103
3021
603
24119
1088
2563
819
1875
822
1718
6325
7256
138
247
1035
3873
3890
465
517
10956
26003
3936
4846
1301888
137586
62878
25975
126455
558
1104
481
10144
199
103
610
1577
8055
661
1728
456
535
357012
357
258
153234
24184
64418
6183
4658
2767
2024
74877
10190
811
1871
22334
33084
422
1760
1176
194
47399
655
565
3182
1167
159
94338
160
231
107
9004
6578
43896
2536
288
610
1138
1036
4352
47789
8704
13496
44556
1953
6801
172
105131
8471
4976
309
50491
55
45
183
155
49
1853
208
324
1518
1342
434
515
917
122381
42053
965
16070
6306
597
423
1337
1906
2024
1430
523
60196
101
38
27336
222
20777
6657
1738
819
592
2287
6793
17577
986
1799
15396
57951
4976
328
12153
364
7180
17462
1122
15376
11093
137
14024
230
32366
230
4387
15171
32164
736
6178
502
2721
82487
4109
84
30143
2033
204
53660
1694484
9423
298
2795
56855
4394
315
1681
960
63940
14663
698
2795
45534
51115
26511
8098
1030
4196
3993
27194
445
983
341
1139
30663
18208
242
13975
386
1503
539
19250
95
513
135
95888
127
2854
490
21100
483
6466
500
15899
13146
646
925
1805
1017
7699
149
5625
76423
399
13722
372
1472
60891
92
18998
319
348
13682
7418
22743
1624
859
987
549
613
502
78
583237
99
12322
16455
492
131902
3942
433
49949
1399
654
10230
349
9251
4333
15676
422
23037
51777
663
4606
6760
1905
4074
2666
2962
5947
932
96045
1361
244
788
2321
7153
103
155
86426
17271
3656
12
1218
6780
8715
10896
130654
52095
860
1133
471
2606
90257
92208
110
4686
12634
1064
3650
16157
791
619
4911
268
29608
87
888
6584
22457
1816
613
1697
155267
3162
10727
6810
394
6664
31938
4585
757
678
5869
16107
22173
394
10823
5314
15460
1107
371
16768
7562
1752
348
470
3411
1860
5736
2464
1059
564
2954
29
567
11330
1334
340
117
3640
5097
59928
211812
41215
27240
203
493
263
145652
31644
1743
9125
1588
3222
1209
32040
1676
14198
4361
218
97
1480
622
5062
13366
1658
101
7376
3103
2485
1462
15497
355
5656
12937
325
1311
19041
3792
5151
48154
1318
17538
364
34299
425
3220
46309
27326
867
52529
48211
1034
28905
1357
533
117
2442
4177
303
8617
128
461
104
118303
344
554
1164
2141
4277
76710
4829
1384
30431
2005
57161
17839
310
1730
288
34311
1282
1102
1240
1614
7173
834
770
1205
612
1640
1377
3254
972
547
837
102
281
402
3391
24554
2153
395
3392
389
3543
302
2101
2159
210
217
368
233
1500
16824
2172
3516
16741
367
88
838
218707
248662
73
7806
357
2328
80
8776
609
1192
5235
3569250
6077
350
1231
17945
577
1285
1850
9453
1139
1512
3204
57659
9626
2284
700
68916
13476
967
118582
271
1177
921
305
12697
3602
1334
146
6379
857
755
570
5532
1202
2954
4748
36887
268
540
87
1007
20217
2489
4719
24372
52717
18320
20087
14845
19214
3325
17483
83360
649
161270
162
336
12794
3322
528
1396
5798
54309
273
1319
2817
1986
359
11585
1466
613
989
15485
802
572
895
4888
788
1798
685
9145
324
587
26987
179
104
330
5395
5991
41142
2739
2113
94
497
1204
676
2249
2009
31314
13080
1160
2605
2387
110348
1709
529
1645
3827
1690
1703
105188
8644
586
19728
1137
5129
14857
432
580
212689
2754
347
11687
18397
328
32726
8662
2143
605
75270
514
1978
613
668
3998
149
159
375
4682
12748
390
5033
181197
166
171
661
438
399950
2738
56770
437
413
484
14811
2053
275171
2715
874657
266254
433
769
87
418
871
2516
447
189
2954
676
4155
1742
13643
13788
759
50802
1285
7379
1249
176
14488
3710
77358
1916
4516
33203
445
1882
1491
1744
579
574
559
2007
1492
4060
865
2521
525
1608
109
201
905
9758
141
299
4683
8402
3445
3315
783
1930
14036
546
46153
95
1188
10491
441
300
1237
49531
2674
2490
739897
458
17213
509
396
4565
15048
1289
17818
31854
59
7221
237
24379
303485
3088
18493
8455
420120
29967
24604
1609
15653
317
190
146
6705
3824
283
240
2546
1113
331
20127
462
5544
1073
597
184
34171
572
1631
718198
87087
2863
139241
1791
881
22453
3749
7902540
4555
297
4714
1706
11
756
19858
1281
13282
1113
113670
773
608
862
20530
3647
1447
37363
47791
13538
6961
3570
3722
487
87914
16334
126667
3798
138
18085
293
490
7633
278016
1060
2142
2098
755
41848
7032
11056
4335
1034
35440
33279
141
2323
3100
197
23815
4271
29926
1067
932
494
1152
939
3477
172810
388
585
2370
12044
751
1122
21325
231
15
23082
15115
582
1334
166
11899
751
200776
36679
573
36814
5355
2508
232
629
435
1908
28762
32234
113
30270
1177
72929
39667
1755
1027
934
386
139
206
191
8823
402
363
4919
1938
2948
141
15841
1764
699
238393
51
1906
7721
10759
3025
2622
1499
753
80022
6629
26613
1339
2817
3531
8811
3057
863
143
10475
5631
847
917
95
202202
9220
263600
17644
609
11
469
26812
2293
107285
4077
1803
6862
29926
2499
29
384
7568
37017
375
3940
389
1238
72966
967
233
4043
22731
1583
1991
4864
36522
75797
308
278
380
31742
1614
229246
492377
560
134
148
4200
2445
56813
492
1675
1622
74747
2239
712
754
47
639
1899
2634
12417
2154
176
35034
26410
218
35387
1110
1893
1073
40594
533
469
1697
2917
293
2431
14436
451
635
453
1091
148
4716
99868
17368
1397
1159
6927
43237
853
3189
146663
2880
1627
342422
5713
370
253
249
495
903
116
2656
2153
329
104
758
14788
1782
93186
55194
18524
3492
13726
522
217
24351
2493
170975
194
19572
73
669
1724
756
727
4577
742
316
1616
2584001
13183
18730
3460
31690
18480
1043
2044
2784
46713
851
1728
1147
1326
137
946
274
7880
240
5161
1990
4517
264
5601
11248
602
554
65450
1765
340
972
1207
12082
4887
732
112284
966
3046
6832
5172
338
563
27
3119
6776
748
1027
1461
298
9059
1635
3798
29546
441
29444
206
19418
1365
210
587
290
189
138
26
13371
13297
17355
2568
2129
108
1914
51837
24485
7914
1998
4229
10094
84
1051
5302
99
525
507
1142
1372
1757
248
1252
345
3290
260
468
756
7587
110833
9826
2833
1229
3281
16539
21325
692
571
10391
27278
3143
5133
930
3114
1182
12960
2850
3522
28940
192
1503
577
1145
577
346
574
1518
434
83
559
2601
128
770
302
1330
487
3800
2059
41307
895
155145
119
12183
6412
2296
19389
24623
2046
1061
1769
169
522403
5000
3766
1047
1572
311
6943
739
616
105040
993
3414
4302
740
93
2226
14583
322
1544
987
38747
416
110192
1783
5440
656
2384
3321
2767
1424
208
94090
733
893
1410
1679
226
827
2402
1717
10350
8110
30768
15925
1198
293952
1991
307643
32043
771
3897
2004
321
6850
263
735
174880
17258
363
34783
658
8140
1146
129866
1384
2431
186
110
977
1794
1852
28391
29
242
237
2727
1027
30900
1050
199
34623
19705
37622
1831
1040
1474
29
7304
4858
21768
45857
49048
24328
261
271
21793
43613
65299
974
71
1954
13515
2282
3659
3619
1527
13656
220166
26484
6568
1188
107332
534
25921
9009
6299
18815
315
670
1524
8621
834956
11016
24016
11308
29285
20881
948
3141
498
400188
4043
30911
455
200
19
559
1369
32808
136
300
34325
5325
1928
6805
7552
38106
10777
1279
3491
1205
212
16327
56029
253967
240
16648
6017
270
17711
5240
1873
2751
7921
33727
29627
94
68473
96
5120
681
6473
647
9724
19
2111
117
101
1023
3661
2474
38200
8225
29951
1536
1411
406
1443
2309
65103
7186
5130
57777
515292
6025
8333
488
1920
219548
16455
1226
1600
483
1078
320
1498
2680
3479
461
201
283
739
1747
240272
705
12700
191
3790
234
407
30004
2363
13863
24494
2457
11745
9057
573
26409
1069
1912
1580
395
224
839
10007
1519
693
927
430
230
755
1075
52
461
5936
5728
8022
28082
12801
447
13395
129643
21908
19565
160
19895
95
15254
9845
325
6401
624
875
516
3783
199714
1755
404
460
1058
3049
1370
14671
1209
649
945
56604
116
2546
1637
3231
157162
2938
13724
622
63665
28702
2611
1012
295552
949
241
99570
13026
759
830
33846
602
31526
505557
109
7057
41
11682
16461
1918
2474
5956
14212
68741
17683
1787
681
92
11128
4790
747
1090
1127
388
11319
4387
2758
622
238372
959
26741
390
1364
20718
921
3731
116626
97984
101625
368
351
186
373
4459
90
13387
4027
2665
11667
1881
1160
6305
22689
62621
1285
3910
402
13036
25
754
862
787
109
28442
50691
1415
108
1493
18939
289096
14862
463
456
6466
1294
1619
1927
114805
769
1196
26444
328
6125
3900
36840
216
49739
14146
346712
273
7901
364
6131
811
42360
225
1966
9665
289486
3065
6680
252
204
1779
6347
1061
10603
6832
4739
3119
19160
17307
80738
719
267354
138312
803
493
267
23247
8955
2172
1311
1502
18038
13232
7598
4242
70740
118
4385
259
457
29605
2138
16012
6394
516
9286
5429
70379
5534
204
3443
327
2862
3921
462
806
3126
4150
628
17929
7934
9435
5730
7553
1171
6481
28979
52
86
758
6799
669
22795
946
6427
158
4436
11928
1181
733
30174
816
1118
35166
21005
512
9706
16335
498
2594
40055
708
548
295
52921
171
1897
6167
1301
1732
78639
550
957
845
2095
3344
162
153804
6955
650
3119
2829
2396
1777
222453
3479
1341
1459
176116
26935
519
1316
71899
14003
367
3852
1130
27562
80245
200
8
43906
7622
418722
3219
519
432
3914
18818
344
597
3243
484
1571
1208
180
292
317
17196
1428
2947
32
2011
3141
852
359
40113
657
63617
130
35
25554
111548
9080
955
5310
1922
918
9834
415537
1462
3740
3067
387
906
640
4691
13072
43807
2156
240
823
1143
1016
178913
659
22063
15543
2471
12274
25
605
1511
3988
10871
73573
8558
1297
8414
23702
263
8089
21575
20258
732
11136
21077
1487
8103
508
814
1182
3890
14770
1312
35193
1477
349
4328
606
2204
986
1033
1037
15056
6643
320
39502
5874
4550
340
12696
677
322
7128
410
16775
30
2753
274
667
166
56458
349
192
14178
7059
3584
23
1270
752
1511
933
190
7756
146329
145
664
8127
15548
3108
57701
189591
290
1315
3318
3220
7698
238
10835
650
730
9912
540
31375
162
788
596
7358
165134
63275
409
442
3591
1736
72
41288
43301
157
4369
2620
25059
30552
902
612
2374
11098
1101
27305
76068
1339
119
1421
10768
63220
2876
7277
156598
1963
1550
50549
70683
187
629
4177
3805
7749
29
1411
1850
4876
90724
2222
3959
211
172
31363
169
266
635
1884
23701
15920
637
70325
2504
212
134
16079
14313
20328
5384
7942
914
97583
180
2320
45268
595
1774
8452
88012
1052
77185
783
614
11828
55
281581
280
969
939
12760
36289
289
638
1320527
1846
5113
135
3134
6245
58453
879
10197
1483
405
1606
20508
266
1658
2204
238
809
742
150583
1701
731
377
731
183
3463
29837
229
956
9861
53128
1660
3252
2376
5463
10319
209
1049
1851
17836
85661
173
18797
7613
5181
584
67
1089
8959
8695
18540
2415
608
4359
8865
5887
234
3701
20746
13275
7895
39823
3456
6649
161
1484
308
270050
2974
939
250
752
511
2289
1209
14625
31483
13883
27014
356
55435
232277
676
1824
120967
429
232
22967
1522
377
160
12139
7498
387
1724
25127
535
110306
1233
13674
43864
237
2256
1446
2046
582
4287
2763
1083
16267
3629
25
385
366
224
24063
2978
2815
3532
20622
674
768
186068
10304
11066
136949
2910
1006
127
15672
1373
134
4222
24206
13649
538
118215
5944
168
49855
1338
1239479
32124
38577
32483
2138
13894
7056
148
249
1266
865
4302
634
610
304
12890
309
2710
406
490
675
19725
19596
12878
246
621
66950
98719
214864
7647
11910
2166
25942
991
2282
113
1366
688
1056
18557
201
2997
6671
191
31154
5741
420
383
894
274
1133
30326
623
265027
404
23
17235
180
697
3250
267
959
186
2734
277
2882
22763
155603
128612
2838
4040
4502
1299
531
280
202
5403
16769
39999
29
9520
49418
28330
652
1106
249
143
172
3645
26640
13927
1646
2749
146178
632
10502
1735
5082
677
39840
87
175
7942
1082
203
1701
22218
17546
5535
18735
25068
3733
213
46
289
26542
962
110834
13273
506
967
1625
948
1855
333
748
6140
9595
32
9310
91
175120
654
81531
6359
4227
5093
209
5933
22953
20548
1211
2090
93649
578
132
141
18944
830
493
276297
977
247
690
41226
8242
407
7850
16233
26398
5130
165
757
153
1679066
8315
2415
761
67
13036
23943
2277
24
19106
2132
396
26376
298
60234
603
1981
1035
667
131281
26063
598
525
722
1127
38414
27
46532
37402
284052
207
5704
42524
5973
535
233
628
1018
3188
1233
92671
272
24879
327
6578
1619
288
62211
592
6288
3128
2661
644
895
18451
308
2398
384
2610
53248
294
26948
1247
14458
780
60130
315
3208
1164
23126
53
3718
142871
28785
187
3678
5165
944
19082
3578
1260
5846
180
2204
3012
93
37311
2501
388
43602
6729
79054
462
7783
14210
2623
186
698
933
434
192
1121
18518
391
11571
3855
1723
7251
21664
22417
25291
563
378
237
3380
2787
1111505
1307
1517
1705
8887
2711
260
457
24977
1265
442
105384
891573
13703
11709
2790
123210
534
13845
95
908
3741
648
3205
1946
24427
5999
16014
1389
3912
1242
400
559
2713
5633
32821
2225
21548
1157
345
469
2907
2572
36937
946
367
1457
308
721
3638
2419
227
13796
29114
6888
25181
937
216
8
28125
4950
860
232
2330
1005
4242
10158
13178
1038
1871073
748
1293
17375
15211
21391
1622
23374
350
300
25
2355
864
32891
1199
820
261
6936
206
69800
3754
99
467
255
9732
3225
234824
149
856
2812
6148
592
20695
3114
496
229
21718
2602
270
71596
3653
4471
4734
15965
433
147
4835
1755
3379
19958
155
12557
80
9149
70
324
2969
13410
91
827
883
974
4148
4162
1970
116750
197
133
512
10682
51
322
461
10753
955
293
495
19856
202
506
53112
80955
1964
1084
194
20695
225
12245
954
2469
1183
1100
547
410
300092
315
339
10120
10334
4713
80626
14384
853
712
938
1032
1981
1085
32560
13164
213690
1520
599
19987
21049
6466
70106
228
123
14889
3013
976
560
1222
19129
61399
648
1023
1984
119
1164
1814
142
482269
926
143
25169
928
2907
3403
4775
859
19964
679
3392
1582
359
490
3129
2618
236
28735
92
14135
9016
12343
391
884
8645
887
538
702
44
31835
2681
26505
27156
400
508666
91029
235
2211
54
1880
2532
374964
50673
168
991
5478
12460
2256
645
16793
3666
489
4930
5116
43945
3014
713
13213
46189
2487
36970
43080
14675
619
3513
89217
496
1443
398724
256
11634
2670
1460
1451
655
162091
21599
6099
4048
483
36948
3189
304
73
4040
2525
480
225
88
8497
40078
643
7239
2321
96
245
1024
5896
1764
19427
33422
15026
56
840
325
12393
647
12727
120
1267
336806
3022
1860
2739
4624
7279
664
692
1998
16040
2824
737
196047
1407
254
213
9445
458
14374
5976
131
19370
351
314
1321
1406
6024
471
52
2295
10232
342
146
1974
93448
2237
691
811
649
329
3204
4077
105792
1510
10524
335
1184
420
1493
15566
11049
161
185
272
3615
14462
463687
886
9435
16527
58761
1122
13391
311
1855
1272
3879
6995
13105
3622
3244
3167
417
2476
1274
3516
7214
110166
1264
8022
322
32601
143
125498
11551
718
990
237056
61413
1641
1535
5622
8940
529
7326
3782
485
24419
1682
817
3105
10616
21230
1743
5859
2823
454
32312
747
80
7935
914
1818
17675
106
819
932287
7399
1574
375
503972
161
67
12138
727
742
323
1346
491195
1012
207
2617
434
15328
1873
20080
1792
8193
2709
10598
3730
349997
2474
3569
498
55
38440
608
60349
682
2638
139
464
2128
127
1393
453
945
8081
98409
7825
10743
609
418
10414
1913
965
7171
716
381
2749
148
130613
7585
17112
1419
63275
254
503
