1241
3036
546
1200
540
56604
206
3910
1851
1687
598
15566
3569250
223562
15416
250438
758
112
36970
1582
2922
444
3724
7203
534
428
3750
7942
109
14457
16768
19326
108394
729443
465
6613
558
574
1549
156
5433
86426
28940
150397
1814
350
19402
2574
1695
273
3942
32184
34527
5164
37
41116
73573
628
1846
1384
4780
690
8691
9246
4080
290
1188
1894
2204
1167
780
277
39
1691
1873
40078
4448
326
743
415385
113
14950
709
3125
2721
93339
1081
2286
1149
235
24576
925
672
311
273
1930
77358
928
2172
472
48359
438
5643
403
1472
316
2252
6243
1095
471
3860
345
3022
4753
6959
465
523
153804
15427
166
1644
8760
2610
19250
991
39981
26060
6537
10850
2832
9176
2948
1858
1701
436
715
22522
570
19626
122474
18818
13788
5345
22386
3110
95
22837
1143
14180
123
116
262
394
771
508
476
1703
645
9059
1474
1145
1308
42678
3973
1323
6019
485
168169
1259
3233
152533
56903
533
15255
1572
10094
13859
17839
117576
4212
1068
4175
7622
1743
8940
6518
1414
6259
18201
254
2369
7015
2299
158
3515
404
4259
832
129
938
2795
522
12801
1317
843
255
3890
97832
262
930
228
865
2415
11190
671
1483
1050
58709
37402
166
352
32891
3949
29467
967
4740
16284
91
2833
9609
352
3611
3760
164
241
824
261827
442
14433
37160
640
14003
779
279
95820
4603
115831
10847
1285
37790
28330
3384
4509
558
6383
320
802
1018
12622
369
11365
387
1565
865
7085
1982
12448
265
17600
1848
52
246
54682
613
4774
6664
9149
736
558
1765
1492
261
122713
11345
1426
983
2639
1384
38246
3219
319
630021
5704
43733
3172
1182
32
6943
1609
1146
108389
1620
9261
20989
47
17524
4041
104
42409
16446
13627
268
17356
8644
279
1472
52320
20297
213
7475
30431
1382
22
605
1660
11320
20127
864
458
5067
32864
1267
12378
436
6832
21049
1033
574
1197
690
328
409
107332
24476
33873
253
245
10190
12676
1480
839
12701
4719
960
2773
5966
2198
20662
2110
3505
207
7657
77786
1178
1325
200
16107
126925
113
405
100768
488
580
1819
39840
24328
14178
21144
825
61625
1064
834
344
93
461
212
21679
6125
997
28596
338
20864
3342
13689
1958
12890
157
693
17683
4847
268
430
1301888
48408
594
2309
3421
3545
914
398
3004
4943
503
482
573
2055
11049
12978
4027
5567
312
295
1477
474
96
363
171
17405
77631
1339
2456
154
644
387
201
344
11743
29283
5386
12725
1318
605
142
533
26935
320
16688
1543
485
3805
4580
914
24628
1061
13656
3409
542
2658
7733
13257
23
2058
16426
21325
1519
1546
28073
1233
138
95880
551
6385
13603
1084
13484
4911
23752
19848
3135
2832
817
4962
6240
263
16269
2980
404
19728
2216
805
16014
578
322
10724
1738
8484
1474
17
26588
199
237
535
1522
84619
9008
6411
2693
14170
1023
16395
6857
2373
1508
1146301
1568
17492
1536
354
2328
2432
1492
19321
11128
4168
77
105
1017
1580
1027
38
268
211
5076
1377
234
29
1323
1195
274
708
4541
2621
385
1039
7814
582
50568
310
197000
269
28518
1954
603
374964
276
3534
5155
49603
20
179398
17258
99
278
29880
116
531
608
30633
114177
4686
5297
3686
54
2404
905
1221
10787
26235
2248
7552
5315
618
516
586
647
1805
612
133
120
341
58
208
33560
1169
682
754
1241
771
2035
17031
270
2828
2329
2738
246
7921
15186
23
1277
16484
21753
64393
92
5862
126856
335
1524
784
1115
18390
949
231
5471
50950
16470
840
34031
97
516
162091
664
508666
11212
16648
773
118
8811
2942
50491
2625
94
21135
7280
2873
15063
9851
1056
388
2568
5139
129284
19657
868
7020
204
191
3104
487
552
663
329
487
3225
1402
86578
71194
1089
9826
415
338
1577
19385
2742
22
1165
1708
1266
532
5082
785
31786
675
68741
475
536
1404
819
3849
402
1979
265
848
918
10917
3389
78740
1158
3567
572
117103
2433
5411
41142
622
4387
6813
1414
700
1026
3129
1038
7170
24641
20205
592
17902
63275
27
2602
592
365063
2352
472
1073
136100
13455
1512
613
3169
13750
70042
964
4114
18557
190
1669
38794
418
712
1792
4806
25
3817
30382
1277
34699
1145
324
1294
16335
907
90
1347
7976
3012
6083
16956
34937
720
373
4432
2376
1753
28940
5625
578797
60
8701
655
1299
10910
4328
1753
5520
1065
12106
2938
6048
6370
1767
11323
743
14897
1103
347
248
342422
1148
471
25406
4099
5365
166
335
3443
1211
453
5177
375
4404
2174
136488
108
8117
2393
23602
19041
377
496
221
29
38443
3026
118303
64
1303
2114
457
587
1041
26788
295441
770
15048
31314
3106
3141
8424
359
2132
81
126
283236
32087
4768
1827
2592
15316
797
2962
43906
232
1341
1099
555
110075
698
34966
7647
2867
4410
319
2805
959
507
6810
12826
175
4876
4717
25
10770
42261
65975
122569
2742
17483
256
3080
139
190
1500
12634
3105
1664
680
263
788
148
15404
3089
4998
1272
793
2887
192
367
137
22033
603
2460
2326
681
293
110833
6074
377
3809
463687
483
1182
23182
94518
15196
104
39537
1559
92
4125
559
26003
2450
2817
135704
177
13547
1217
313
61
42194
178
113
716
2463782
2638
201878
13597
9914
2676
416
12275
247220
43573
29565
20282
1852
752
1257
68
14905
7397
390
2209
39134
1893
368
4214
36937
920
45649
44841
1110
1349
10391
5718
894
71
11723
63
7617
62291
11571
242
656
338
413
361
298
168
1432
196
6178
116
3829
4318
849
126455
3336
220
688
1288
70
328
96140
5382
1970
130
93
1914
136096
699
3463
252
40604
40113
186068
143
20327
578
6515
1729
2877
99570
3598
243
32085
728
164
1192
923
3100
67
12327
213
1763
28915
4136
90
411
8897
5976
6466
2891
23189
10222
55
308
1168
12470
27072
23331
35516
248
23082
24879
14508
1289
142
35166
1177
1247
63275
3744
432
1401
138
3755
267354
644
128591
2751
7173
462
324
10062
304
27407
299
22967
319
25231
185
4849
13724
458
595
7059
713
8320
4310
21344
729
1656
266
1278
1104
2909
1033
163
348
32366
352
2309
52905
773
36
13822
1059
3756
92
3500
17695
225
305
22887
72
3419
1002
318
419
2154
55
10620
682
1365
3849
24315
304
4504
3656
15917
10777
4714
7057
264
9371
1226
141
2881
232
1320
14256
480
56930
2524
135779
16793
480
13863
3730
859
511
5065
148
10073
340
224
20578
13391
108
692
350
46713
563
2509
3852
189
1964
888
18
4857
699
490
2534
4515
607
629
106
572
739
6314
1686
1900
8333
243
21003
605
229156
13922
30552
2425
439
991
49855
2815
3917
21077
233
378
923
45813
455
554
1085
1239
196
1026
19858
7418
8140
27653
1064
126
76127
12094
2223
5151
29460
364
1661
16824
2241
7252
24274
803
946
1744
17874
786
1721
437
2036
5070
4062
22147
463
5704
7782
24912
3647
4869
36530
19621
407
24016
590
1998
684
475
1077
5165
749
1755
21334
5244
1326
20349
31483
21306
12417
770
1150
799
65970
1635
17961
179283
7720
24262
921
24890
952
152
973
9007
205
30337
638
2711
75
2069
2035
268
1999
3718
272
30995
69555
1293
2318
822
179
1151
269844
75270
1010
93570
5721
2235
283
61500
712
1019
864
839
1311
1260
32560
626
288
3268
1048
23025
331754
901
54232
419
18054
181
155
340
3194
9519
2247
579
47392
4898
6227299
113979
758
2743
38281
1642
746
1233
10596
1253
405
147
3808
64
509
723
15642
613
2045
31644
1326
84
137
4609
60146
375
6267
977
18524
250
29951
38963
191712
511
8171
223
171
98983
1252
1279
3351
11342
1963
1473
1167
10147
24372
14012
3403
732
214
17353
321
254
568
11
613
16040
47911
26
308
19856
1734
750
1176
345
892
19129
523
233
2734
3776
1158
340
3411
51837
190
137
1656
16300
232
444
995
6375
131
327500
1501
10550
15122
944
783
8863
388
655
31743
219548
1121
3989
53
7439
347
358
84568
702
253247
11700
18141
11319
10528
163620
1367
6771
411
6587
560
582
98249
70683
2066
216
60455
1612517
6113
3386
554
649
2201
3840
13459
1188
493
15574
3591
1555
7310
491
455
977
4938
611
196
15327
383
723
489
527
2618
194
587
598
149
1512
1592
261
1692
32726
247
11749
51
1961
2014
312
2309
1111824
2232
1424
1128
2613
10622
3380
656
33887
2431
748
3162
152
604
4835
1264
32989
170975
610
282
11660
724
65889
359
755285
1767
4227
73
64
12016
1516422
592
124
105792
1157
3694
11248
247
39476
4387
887
743
5251
10772
1109
1047
967
547
906
6628
4769
6026
1763
20429
377
656
7272
181
12120
4118
1701
599
36189
230
598
1571
25739
1524
31232
1127
50599
294
161270
21
1713
722
679
443
1083
20548
110306
237
679
6872
1526
188
552
9004
4574
47756
202766
1499
1334
1795
10120
1444
1060
63454
502
334128
333557
99868
14583
1134
256
61819
210
9133
7061
193
847
2932
1196
4477
253967
43602
630
748
17485
131
927
102
962
1198
1660
1218
1250
2485
36879
253
617
495
2824
151982
96292
41897
6021
2243
808
12723
39409
86098
700
244
94338
460
110
120
56029
748
225
2626
25683
49048
410
197
1101
690
223
456
291832
17118
106387
6389
3506
16527
5907
486
1676
194
5586
1160
17
318701
137006
180
1737
149
101
1912
8855
821
29444
1342
10835
6936
2089
1017
1094
316
830
302
127
17341
1953
1578
89384
12621
1844
24247
2889
1622
500
463
65763
27377
5869
11928
673
15115
15844
24464
3598
13952
21325
2046
155
33264
13387
511
11136
2818
5915
6961
6809
1853
155
3040
1364
57156
44455
7256
4035
1601
61265
7256
12405
39709
13703
203
147593
43264
528
1294
445833
841
902
47
628
253
408
15361
397
23049
1992
2225
3584
871
993
4597
2809
2196
19415
597
8081
887
1183
13410
23205
465555
28
719
1370
49426
2818
16945
1192
81729
3766
16688
4711
19303
6578
65582
1011
2228
708
4716
40822
17194
13666
183
528
102478
15741
10374
27796
2966
9997
19700
185
431
12153
1525
742
1023
373203
745
526
234
2019
2309
1374
605
37835
5629
6760
294
36840
781
1088
4302
1088
2386
172
6649
11634
29753
19572
101
47581
5875
160
3736
402
1164
648
375
1478
1855
134
7203
4988
19082
2762
26846
1007
14384
440
22953
7360
2111
2487
1035
1246
146
355
418
171
3002
2090
161
7451
9190
3615
1031
12727
4155
8823
5094
25329
616
1846
260
304
207
53364
730
1149
1051
1298
2445
13894
710
673
926
1650
8617
103277
2211
29605
3771
72764
330
604
1708
612
273
1275
13630
3676
2040
1463
327
412
3266
917
1449
666
1339
293952
46317
357
739
477
363
1003
49149
12247
13007
11428
2238
8914
246
2070
12320
13476
2161
368
2245
690
5720
520
28442
11836
359
18944
450
7268
338
2402
250921
448
3737
8462
1881
341
232
343
80327
865
3173
284
85171
11247
1479
2622
174
505
1428
1310
11587
733
941
755
80180
5232
15063
43237
895
2770
23157
18320
152857
2528
152
22866
704
207
680
3414
49900
78181
654
29812
194
222
32070
216
338
883
1113
2914
95
6466
6987
7201
5205
464
13157
2087
2921
2365
11717
13080
17092
17229
232
100
1524
95
634
1073
3211
24104
21391
1205
2282
416
213
2829
48188
1267
76023
2633
224
523
3653
31526
895
1353
705
405
63572
218
415
214
398
1530
5504
4497
11605
783
1493
524
127
187611
2033
5259
169
128612
436
47926
19979
6769
29094
2976
800
2177
29961
324
135
4242
67595
98409
1914
4526
708
10385
447
927
739
22
2186
742
475
22382
2153
483
900
9467
93186
89437
1422
135
176116
439
3266
9825
247
7880
218
2338
9325
126187
619
109
523
712
28999
74877
826
3099
2838
1470
707
16040
508
482
4683
974
755
126667
608
394
50860
8887
768
677
1034
11000
149
378
928
4252
857
198373
1801
1858
1950
673
1638
2894
11378
1028
3380
354
35387
27390
217469
55952
2103
46536
938
526
125498
4644
157
2177
399950
1595
26495
693
336
4651
2051
2896
2107
791
487
482269
2594
9310
7421
10291
5873
469
3560
2114
2186
27698
1154
549
35
297
3046
17644
3455
13213
1682
5072
1436
64558
211
12913
2484
654
7658
967
64492
23774
502
1378
482
548
22173
77442
2476
3322
3443
383
1023
172
46728
2200
29335
253
502
5496
237
246
51
12186
519
367
65103
383082
2516
633
913
2395
26505
1690
1843
5805
1870
7577
23981
3223
974
829
186727
3479
95
6584
4150
70
4352
4156
3292
5403
125
1059
92
2005
2110
1184
348
3425
3417
128
210
893
13931
137966
4529
237
276
243
476
7935
273
1794
5145804
2328
859
142
1533
327
27669
178
565
624
14329
1956
2295
66950
309
7510
1413
3391
2385
5475
17104
7585
1209
15254
6601
9215
21664
788
5868
1831
268
387
3524
1012
1990
250
10322
10948
328
325
1245
2509
2636
341
116
1828
1144
1498
1294
174
914
306124
7020
25794
426
2235
19581
105188
1268
15717
684
4099
108
7902540
180
2530
22218
948
5131
73760
32339
733
95061
12463
3506197
11593
19160
25303
14979
76809
148
498
16263
798
6550
2594
238372
7326
31938
1920
496
985
488
11308
9299
250
37771
17601
4022
12669
185
2972
104
3203
776
9739
756
481
205
24856
2374
939
4691
2429
565
154
1921
270050
2764
837
10479
5122
888
4606
1444
275
266
167
203
811
31713
237
9583
74
25181
730
589
43864
644
54073
3480
125998
353244
27562
110192
36
9431
73095
790
15878
33230
7418
146335
4177
2005
214
2022
26398
1179
64
87952
296
1920
1436
650
231
461
16500
3109
2924
468
327
2706
1447
235
3577
1817
1389
36924
127074
1884
246
3089
2012
38766
423
64570
13028
1346
16319
19725
721
7745
930
8098
121
42
1743
85920
17033
6671
605
2402
1572
225
34914
236
19370
387
331
202202
307643
23037
9085
522403
14972
308
6681
395
7850
59867
6553
138
6159
1156
180
2146
14518
490
1296
43661
2025
482
4381
11051
5869
741
410
2525
32164
1675
473090
204
853
112
35121
1295
404
11188
2321
876
196
1173
70702
3002
39999
27166
1701
2642
1812
1942
272
348
12676
4093
435
305
121271
17851
1006
772
2086
1139
1159
1152
521
3505
9009
670
2576
601
4820
52
37125
2188
1572
7277
1204
1588
12309
188
1802
30661
1017
1431
731
110363
8802
703678
14862
145
1509
768
22565
8695
36
467
63193
977
4249
5736
1984
1422
127550
91844
303485
12557
1088
5121
703
11132
2848
776
3235
323
25118
10230
1420
48216
10603
417660
130654
828
92
11779
777
22795
306100
605
22194
5310
8315
39822
430
12689
646
280
3013
263
1146
519
4585
1127
18518
1706
1217
7699
1751
10698
1100
83084
2304
80581
279
5025
1476
71
425
82323
2069
5384
15049
196
172752
6077
578
10845
15496
109739
888
184
161
2491
861
635
65735
430
323
1988
972
1571
402
301283
3901
179
23441
177
6218
9304
2059
980
117541
8420
461
4813
3910
545
1173
23351
6788
1878
5820
428
1706
141
501
27
54
3058
1845
1567
24196
5728
7083
7942
17
13661
18085
1440
537
349
1958
807
1453
4608
374
27194
8402
525
489
202
27531
22942
2851
15285
4333
529
19617
2560
693
148
137
503
2876
159
3357
1407
15
3562
755
311
171
1115
2907
10012
1542650
6643
9294
224829
5268
582
2846
3288
370508
799
148116
24604
2674
32312
2060
139
2169
2675
15577
208
232
14625
4048
148449
3258
422
794
240
276
13093
4658
53248
86728
495
199
1566
4677
58761
179097
282737
5696
64973
3318
646
349
165
3668
659
280
912
278
2166
2787
1926
6795
5116
2753
3320
8940
7526
2622
6348
4074
199714
337
273219
15462
456
565
259
8677
542
4919
36796
954
3596
530
445
86
15841
2506
405
3349
539
20521
16233
4775
4152
38365
2908
176
597
972
18730
1006
65945
3785
9423
1052
26546
422
3435
12547
8088
23280
263
59928
570
1629
9964
555
5015
235
1553
481
3192
211812
3812
577
5078
3561
15653
1587
316
946
19691
366
16157
1724
42053
775
8864
11013
413
733
49066
7703
110
936
218058
597
11709
146663
700
256
560
1074
6759
4677
265027
3103
2910
2933
8646
480
19418
5774
550074
1410
12
1263
3731
2556
109
22036
605
153234
30204
9080
1487
53702
631
304
898
204
898
1651
2257
13076
894
2151
2978
560
469
2098
1325
2310
23100
1297
78416
118229
29714
1713
113749
580
39823
1876
61413
6360
185
3815
718198
74446
312
1085
33335
68916
8864
1123
709
1986
54327
2050
104
237
481
923
1757
60349
632
845
4739
5414
20440
92
1088
255338
5240
1926
2328
15459
6729
24063
1938
6453
1426
172810
15904
63617
5063
2133
26833
2308
102133
20757
13366
3228
3438
835
1882
1159
5719
3460
243
2849
1076
2384
118215
21474
52154
2137
2697
56
1151
293
969
21081
3440
391
860
345
3229
3821
1195
649
380
228
3674
14352
391
8241
3218
58
609
2572
2121
37642
767
1081
1058
18485
10404
430
1811
180
4756
74
18982
1013
192
13093
1061
2651
40283
6517
252
1288
10869
7154
1567
47257
493
1641
22743
52
7976
1379
18615
585
3477
725
198211
2072
19318
851
2418
581
22378
16704
46119
89554
4025
1082
232102
821
5191
58011
1381
3172
76710
6526
194791
43994
778
620
75486
49651
91
18887
1393
8827
34
254
11929
661
10769
747
120776
12884
336
15261
19705
295
23858
2630
2113
118659
866
5632
354
60
163
198
192
249
30401
5483
95
45519
14770
858
520
456
6932
12794
420120
64658
1217
4249
17377
9117
10338
1247
3116
3708
194306
105684
1063
859
689
108299
5979
1182
258
395
908
1141
145
870
7924
7221
601
6000
6140
149
4300
1850
742
23754
4043
523
108483
2929
1691
1956
43896
7362
1164
42524
2029
1394
9134
116
1142
9912
521
2487
472
12182
73
10523
278
7489
479
13062
50
631
2605
4544
1721
1606
168
52
22453
4631
682
33203
3344
951
83852
13438
809
5512
29627
1415
35968
2884
123
3295
1268
10475
3458
1301
4430
1750
16004
530
3331
6321
514
917
8439
4949
364
15036
61057
8947
22242
16382
962
759
3057
921
160
1179
1518
4524
418
566
9158
2023457
19
190
25
390
712
2431
11294
6941
1038
1479
332
8291
29
4169
22660
7057
463
13330
634
7731
21825
24530
72896
143
80
70
21830
1899
6049
10754
9286
23618
82
467
4048
1030
269
3006
93
1527
378
10631
448
502
20217
102647
1275
312
81676
632
217
1330
29408
5350
8308
3099
2579
49949
1277
466
7898
29401
13210
503
2863
590
1372
846
13139
112208
2272
3188
59
269
87
280
56921
2009
96
5485
3385
65
3792
1080
563129
4716
4060
4168
1439
923
3095
5270
763
44676
468
3072
1337
3036
752
756
765
19214
1200
579
286
191
31690
1600
37791
38888
3914
689
10743
884
184
961
134
331
347
27520
14891
4169
1509
628
1460
784
143
925
25127
117582
2353
308
482
37134
1990
1360
110202
598
3388
559
32808
12165
2436
60891
991
5616
92
164587
2835
1211
2184
223
739897
1920
1518
266
20027
12584
3966
957
758
20226
163
755
153896
1607
4391
701
992
1970
373
2605
904
5254
121
1106
135
281
268951
157
2954
2256
7294
43222
30174
6955
72339
3650
278
309
364
574
20272
1393
202
518
243
153
3814
795
85
2661
850
3569
14845
31660
29967
77870
50
112
3987
242
10907
796
1052
336806
7498
2192
1213
204410
3941
1896
3444
22412
77106
3461
25
4652
487
3053
1888
659
216
33491
53665
14381
405
62013
1269
231
1318
392
691
13007
15710
182920
3971
534
1067
159
520
271
110
87494
254
24343
1920
1204
180
1723
349
27009
81531
107
322
739
496
1034
869
1922
2779
1833
409
212
277
16461
761
2527
514
127
4911
24184
7658
10502
21374
5815
853
829
5164
4585
2534
4841
7489
1498
18480
238
844
621
2940
584571
615
48
57591
251
16804
14055
3989
3149
1939
292
19851
63625
19767
78
5093
189
3993
645
3841
19089
451
3252
407
3890
576
8515
89598
918
1774
3141
151
1523
26511
110693
1005
2490
482
13033
827
130892
280
6245
961
3014
877
106901
51629
6971
225
3498
58
528
11128
240
37608
2146
19427
4422
425
3067
2808
261
1527
309
382
10099
932287
4864
167720
89217
1307
20798
213690
406
3254
2692
191
796
875
1631
2212
1792
26640
15171
2011
13158
300
3095
3414
1419
443
2926
10095
43301
45910
102
140
696
293
107285
14338
35735
564
1034
248
363
1378
13815
19820
1415
90
218660
1756
63940
10533
1852
17362
1974
3255
27199
3403
7396
13913
2642
222453
16775
14573
86772
1417
1696
966
20695
2065
3690
1236
609
2445
21736
131454
487
142871
1390
911
81151
130
3461
13376
350
7009
14036
6713
560
932
2862
28633
83
206
3801
941
691
1908
3522
345
503
350
25046
83
1112
384
148
685
712
3676
1420023
502
81
647
240
364
845
15683
11461
4583
448
484
413
189
26621
36289
4972
2622
1471
1078
302
1628
2508
19239
66375
6234
56498
91029
2048
1729
1252
1673
234
20272
948
280
43537
13841
708
28735
15925
26001
1639
2294
226
1096
309
986
202
242
838
3673
669
82025
643
40
2370
32927
2464
72
677
4040
740
1901
18131
249
1536
850
309
4989
18063
6021
10433
432
890
649
8849
434
18208
128181
34311
2188
63058
300
1044
744
32660
3827
360
459
300092
19389
88
38454
104
31950
3207
8666
240272
62068
6270
935
26268
83593
1127
1496
20622
743
25452
1029
114
237382
1233
76423
1149
1138
26389
1102
7496
1115
6793
28702
180
2131
7205
873
16079
432
457
5151
1662
1922
360
209
9251
28
13159
21123
488
281049
2256
98719
2086
230
1282
3189
2905
324
14580
1264
240
14140
53
3879
1242
320613
12547
216
225
1176
220
418722
1126
2823
2345
10158
98718
1223
30143
7625
1543
317
407
3597
259
1483
56855
1874
690
20695
63217
86
38024
216
10952
3445
8151
1209
148
34652
594
1882
1485
66969
606
5785
1030
10243
248662
4916
3167
145344
1614
196
5323
2904
797
572
2073
1752
190
320
24461
814
16455
672
2093
11451
814
22684
146
258
73448
34360
652
10336
962
8407
4361
1139
17598
1183
1818
94093
2971
21445
17284
9665
342732
1210
28905
27969
270
602
13479
384
6832
1055
86
414
762
1338
962
113126
4900
6473
2535
444
24119
1735
200
351
933
22267
604
1143
1084
58
550
643
47690
663
8955
1231
7568
2734
516
307
401
31742
31
1559
3065
8638
779
1034
3689
16412
616
712
315
37431
6131
98
99
1229
684
1121
5622
784
228
327
530
333388
7824
12323
8566
1590
3821
2307
1336
10756
1205
4941
808
21561
4195
270
47
10232
3399
223488
1320527
3516
2163
179
10957
26851
5737
487717
20128
78218
1196
4664
3984
877
13241
10408
480
39615
18778
733
699
1240
10832
5062
1597
224
14491
15497
3836
229
13282
235
3033
695864
13726
7084
6024
1309
23566
597
25808
1307
916
1102
492
94284
628
630
996
478
3835
4023
14047
1218
6453
52970
107
1885
209616
717
318
1499
209
1330
587
3183
277
16787
27557
245
1931
17213
2698
10759
386
12933
3415
14187
18735
748
375
2249
22809
5991
481
2051
402
353669
668
1791
1955
3640
13415
612
1260
12652
290
12584
2361
25068
1503
800
9667
3543
31166
3618
1075
307
1187
657
470
204
316
391
661
1768
11858
16903
837
240
116
23832
597
5773
12346
73769
321
1077
18299
290
13105
7474
458
3356
200
20461
7254
13554
91
320
285
319417
1066
2453
206
879
761
82657
3844
1040
13927
13674
4400
30638
934
1980
3837
617
1650
489
3447
133
3184
323
1130
39502
716
110348
12122
106
352
3725
464
58
632
1535
6930
2501
378
15066
22093
80307
1866
162789
1122
675
2294
6017
13250
19596
15028
6726
2648
364
2906
14458
16769
2811
879
185
11228
12165
2485
1321
37017
348
1740
13927
1046
3921
7003
115
6391
878
1085
1101
145
930
15278
13925
1226
4124
620
2141
2451
1871
274
1142
473
2501
11748
4271
2244
366
1317
15616
1072
825116
196
9435
498
92671
21230
963
377
9834
107394
15328
33332
3119
85155
1644
51
8825
2996
29310
45318
35073
391
30270
222461
1771
3741
80245
787
246723
5317
165134
1139
981
1283
950
247
52451
11505
3783
2666
9530
1185
145759
20664
2560
1819
80406
21252
105850
119
677
196
558
137
195
626
7783
31
11121
4347
4340
203
1619
3430
757
242911
13343
4885
72453
4004
759
4436
577
36
461
262
3018
177
116687
2208
2188
829
9421
5713
463
6568
329
24622
570
370
4231
747
50208
1447
36921
1632
650
486
31154
1144
1094
315
746
330
2098
413308
9792
2356
985
13999
1056
316
246
85077
300
179
13318
1601647
16267
829
2351
655
1749
20
3512
1760
15611
9449
52
5478
263
3096
9220
8905
4881
358
2357
17675
986
1588
27
35984
3638
9545
638
2876
16455
13768
2430
155145
1056
73
383
2396
17809
9918
851
181
58440
767
829
19088
8022
52717
3499
8506
3290
61916
639
171
10956
3912
147
5388
331
2269
6672
4720
13761
1448
11436
129
4837
1281
41121
199079
17355
174088
1985
795
1751
1738
2626
27839
1113
568
2155
3611
2670
175
39498
17923
38812
156
647
1027
187317
6332
7274
88049
102496
1038
5130
649
2724
3678
979
77515
1533
2312
171
682
435
346
4887
13
299
217
505
1849
37367
1235
1015
8867
4299
1396
3945
2167
167
939
1092
4658
1342
14545
7315
1874
52
198478
447
25169
400
20677
2907
7942
47568
382
1086
8103
13538
827
711
139
2486
7717
2986
2525
18599
1889
23533
60706
124
529
48676
350
81165
6379
12530
974
340
2206
10414
2774
15
2102
320
1970
2584001
9520
1607
35342
946
7553
1305
390
183497
3909
4406
656
1753
169
666
1045
7215
296
992
725
159
2124
34299
138
584
2655
98
1745
586
3067
1492
83
1070
6943
47768
40594
56458
1153
946
371
1604
1718
46153
16333
8497
664
38747
1613
1853
3225
602
152
949
6568
1951
4491
2402
1308
473
549
31444
1614519
3923
895
2928
9278
1854
838
28017
584
8313
76791
178637
3025
975
4282
2541
237
1450
84
15723
66959
1396
1147
38
229
3239
1324
621
3204
956
71
3092290
1883
1984
1097
1270
22300
772
649
574
1678
902
9935
161
4109
33727
344
9171
1136
963
10132
4943
4012
1849
873
21005
11590
1751
94
9016
76068
4753
15424
1728
753
227
112154
1868
392
4517
30900
10204
39415
349965
8297
486461
3879
1064
754
744
5440
425
50
1969
2998
559
1366
2054
21777
13
24977
39529
4106
1518
784
167
9471
28747
171
555
1661
52921
143
703
7277
90778
22417
19807
7934
7895
5201
709
7846
21004
550
133309
25291
537
490
6142
1944
2153
175
805
2188
1208
33422
8572
755
216
855
134
26281
16644
1142
67
2798
559
28970
79
69800
7446
183
13255
35955
3479
8127
1096
3143
2474
634
2618
1742
4166
1699
10984
1601
45857
721
1089
5887
2928
406
33359
236
1499
932
508
149
1624
8762
49531
162
44556
4212
147
691
636
858
204
10659
85182
2156
3570
20362
1337
87
2457
344917
8239
430
16719
1614
2544
757
37311
29081
6113
38194
2625
551
2474
845
138572
779
43383
15755
2172
652
9629
160114
93
236
1309
1462
16909
23981
31576
434
535
8125
9595
3038
111254
2665
1285
8989
567
5256
3430
15311
43024
8645
10086
263
12341
19106
609
355
26163
89441
264816
477
37525
4856
2153
55975
21217
2254
1969
3710
305
16028
21616
27044
714
17711
133
1039
2203
690
1183
281
229
1752
1365
79
15491
1187
5120
1797
242
479
594
4242
1786
1484
141
27336
844
3315
397
75126
201
5003
7758
826
46309
212
222
8704
27580
13502
17364
230
22068
2172
11591
59
72966
1300
679
4953
906
960
50680
94
6544
8993
1461
20
557
1640
22089
544
3808
32821
7819
1276
2101
174880
92
5927
738
157278
1981
32
707
32313
14505
567
27240
461
281581
5859
3088
95
196
746
411
84993
3250
59917
16724
213
13151
43195
225
50457
396
7291
707
216
134
1052
1129
8
76275
430
4520
87087
5532
71899
225
6887
570
1428
469
4271
31835
1591
1697
200
621
54309
3749
105384
331
578
44
1456
505
280
65254
5489
1740
173
24806
34930
1565
476
832
335777
486855
1923
926
3119
197
1073
2735
72734
19099
1325
202
62006
742
3456
628
11
368
3298
5214
116860
3392
812
90724
29
646
23531
18200
353
2546
24238
2277
1494
8013
316
28059
5526
125498
991
468
290
272
13477
150
20727
700
65
2057
977
100051
491
215
8
356
111287
750
3222
1861
1762
55
2365
12256
5125
2324
520
11358
28220
7128
263
1723
3082
7567
19697
789
318
1855
1136
531
1727
19181
4275
324
4448
679
150
566
7374
992
3763
1741
988
116927
2330
2002
11672
194
71596
43391
306
6000
39511
932
2416
12224
16856
759780
271
67274
4137
1025
945
5068
26274
1799
46634
17598
319
1087070
76
3773
51115
4684
3625
22797
117
2882
25707
10796
29103
2044
907
1008
303
5325
4166
619
260497
152
18559
442
439
1479
1679
110
270
1386
5000
221
91
861
1511
517
250
1371
145365
6271
36887
67
225
609
22929
46121
219948
3188
339
1078
9545
59032
8911
434
2528
3049
159
26118
267
151220
163
12878
47285
27236
37434
3382
1687
1038
3605
241
10995
18085
12762
490
6830
339
283
8593
3555
112284
4264
939
315
656
148
5821
1312
25554
1770
3790
1930
26501
338
623
11981
597
557
2082
138
6523
55
3636
1807
139
852
376670
780
421
15699
25
15965
102381
27755
31425
811
48286
15548
16648
663
654467
274
1098
393
249192
676
10975
13146
531
4151
1102
1051
485
276297
14543
17241
32677
23943
59312
745
25091
498
93
25189
31567
180756
1423
736
592
5936
10081
37625
1992
1650
2880
20532
321
589
15520
768
1103
9215
508
13955
823
466
532
164207
389
216
917
1233
547
1168
2303
46
447
14824
32883
1654
62878
191
875
1270
365
3619
12760
894
2478
20746
933
2138
958
10320
23066
8061
40516
210
2670
770
3687
367
11728
3585
472
1392
1202
4233
434
87914
71035
1588
289486
776
405
2709
1081
7570
13648
515
162
1871073
6862
138
12363
349997
2457
293
7633
2779
12745
9543
7493
526
2876
435
11675
2405
96
5730
13213
61181
462
125225
380
1489
8155
66940
370
759
410
1063
81
1946
497
192
2180
958
7598
1177
87361
732
808
133
7756
1139
9989
134391
122381
400188
20337
1854
3522
3277
5820
19958
14779
465
189591
3969
308
134061
3109
5678
130133
1366
2937
3922
134178
1681
2211
379
2862
19995
1609
97135
34486
483
37531
1334
12072
1905
16070
15695
17235
898
343
26071
90293
138
99
1733
1132
24351
295
2415
16607
967
15182
1150
863
177
10350
129
528
29921
13796
1196
681
431
5156
153891
15460
9609
8074
35912
137
209
16132
170
377
1353
14061
95
367
5130
6071
150890
443
1289
3023
88
64142
38488
2495
341
4021
3615
73814
133760
364
15484
1747
1291
166542
5302
10079
97
11211
615
80
1417
180
867
62
3220
429
11120
14806
32440
814
38156
5858
213
817
1906
5781
395
32483
248
16045
147
22170
1094
13682
1065
838
829
27126
810
4806
2715
26376
3780
1180
212
108
2592
51358
8509
31656
2189
14095
408038
38545
602
52095
291
26286
107
266
131
10656
25644
98762
86241
1373
14198
491
1042
2713
1294
3126
4277
1708
47
90
963
2063
12625
2226
297
2493
55929
3669
396
689
2918
5367
13
197
2284
146160
1119
62763
319
940
827
1069
1640
464
1143
241
3145
152975
339
1477
3268
1321
64084
178884
816
91
266254
2197
30420
24925
6546
1401
732
14857
1511
23166
24485
1945
9453
3666
54357
103493
2914
5020
363
2629
3649
2296
392
692
323
1544
474
478
396
2767
3477
271
24746
7698
125
13452
2474
4266
11056
4577
18451
5864
10601
15899
655
2751
4639
1326
26206
1431
1658
8292
16530
299
285
331471
3305
256
31854
773
329
8641
14210
490
492377
691
8427
325
1283103
1430
434
4766
416991
24262
720
676
3633
174
28129
2095
1076
29358
266
97984
21058
21842
44597
1193
2623
1323
18821
3380
31771
133449
1049
8548
233
2696
342
972
1430
4682
8489
18555
4750
8032
78
1349
2675
208
27156
1107
18371
2363
402
39012
847
8040
674
356184
1052
387
781
5245
4335
14980
676
383
36343
2097
1788
2370
13273
4973
42073
717
5463
1172
176
511
632
257
2766
13153
1487
820
1902
943
359
83360
8455
1472
5182
8370
30911
395
435
2057
43807
3733
3342
11034
3264
548
443
214864
19620
622
2476
87
648
1406
194
186
5381
12552
2545
3134
226
23661
39012
44
507
628
667
2459
26083
595
39992
82
299
4395
276
42334
3670
1590
5543
562
7096
72657
3513
26110
28310
27989
20777
11828
66139
185
14135
52498
101
322
26444
2501
751
931
2467
469
735
5113
192274
16475
391
4737
423
387
162
1954
56496
559
3523
1001
2700
47789
824
453
1051
291
8755
895
3182
495
237056
1906
835
986
1092
6014
1053
2557
1478
864
83
4577
462
8193
456
29762
535
27957
79054
3543
159
319
2631
26899
1288
37055
30
3334
34491
148
85399
12704
19269
342
244
948
433
23334
816
27211
462
5044
1380
314
9644
23702
2143
320
1019
11330
19891
2482
12421
590
9023
717
4565
939
525
8621
16810
18362
117
21100
500
8
8624
14146
68473
203232
19527
2453
13090
1011
86
2424
232
89065
155
5670
10275
152
785
4721
3786
3109
699
19895
6743
513
29608
742
1377
757
7684
33100
506
5948
59446
129625
6879
11667
13883
36948
685
27491
32067
581
12082
3766
29
881
39
27097
11604
98280
55435
756
239
1751
80512
10147
213223
916
74
9292
7376
783
43165
17662
333
874
1520
2805
3204
37654
1249
2786
2451
2602
1987
447
1794
1863
886
855
11928
1608
718
3373
108196
266
73
3096
1572
543
1510
611
727
5728
2144
10510
6909
50
2372
327
1213
181
515
4521
9590
4826
133
8640
4145
263
11811
3878
44617
805
29926
3447
1841
917
2182
87
289
320
194
26691
10727
1860
211507
22689
1182
1358
3392
7658
62211
1082
5689
13082
3088
26068
1127
608
1280
17213
668
351
212689
3572
10159
1499
5786
10389
484
95
1093
2929
1467
1239
891
3629
1281
1687
44054
10197
1287
230
6446
6472
5973
4212
7584
3356
8412
173
5424
24
583237
38106
5545
152
54602
464
1737
1789
15195
35050
7277
3051
27986
1156
8578
1546
21062
749
4780
1880
3071
80955
37
1299
222
26877
194
44944
1122
2040
53112
2890
22
205
492
109
384
493
24139
91
11622
5156
1277
5860
1160
6029
2563
356
1012
577
86098
628
310
1657
20508
308
4509
348
1411
605
138150
6671
437
77185
2739
1907
2493
637
4303
1783
6450
19165
1962
496
1838
464
4442
26987
9224
28025
1917
293
441
113
118892
1270
2419
290
6347
9845
654
687
1106
3579
1697
2850
6578
281
73087
2322
4147
87
5771
2518
9032
425
259
212
3177
37157
3878
92
3695
4371
761
202
549
153
2109
5933
794
474
10039
285
221
132778
49147
867
859
8090
15136
183
68
3552
2348
1829
5473
412
27915
348
40413
3088
1691
539
25347
25284
3148
100
25811
101
2422
2731
1036
446
15733
13118
2419
748
18837
7726
1750
7521
2085
380
1456
710
17988
103
2847
12576
60538
7279
233
60196
1850
580
216
2980
1598
1682
34387
2634
2958
9497
212
457
16687
21881
1542
14559
512
9638
79
238
1960
101
80
310
1084
620
181
712
1568
380
14264
475
1490
29457
67
259
2935
6197
888
346
245
614
808
563
10768
93
34
1515
559
5043
1421
47791
628
1227
4964
4148
2749
109
2566
50333
58453
855
131678
15111
1157
6965
557
89
226
50052
844
21
186
1256
58593
1388
13780
1918
5899
264055
13129
32792
657
23928
393
41
183
656
329
8832
21908
16708
702
629
10005
884
23115
3897
105
336
14139
444
347
25364
14804
1133
490
2263
121
9453
714
13643
249
1752
2375
378
5297
192
53051
15307
171
1068
16557
31029
126572
4857
10319
20822
12175
4373
120
57701
425
1110
4603
13811
6229
23374
1459
84357
84
17307
1104
66759
243
106241
78
2101
793
95
2871
22693
35440
6465
1271
10181
1467
939
13573
649
914
3397
450
648
47811
287
954
1026
4185
4541
180765
514
14866
28481
4411
331
206
262
10850
3281
1141
1230
394
14210
1287
3573
9372
289
3279
267
19
77
173
140097
18247
14374
295
298
132
5241
1240
35193
28871
1134
438
577
1365
261
399
23247
1411
2318
13183
2334
295552
475
3327
2045
17757
8910
475
373
13783
1779
27014
1075
253
26228
332
1331
883
5181
197
1338
11477
2910
200528
14409
9273
339
11895
4040
45894
369
13644
10158
341
17058
172
829
13591
245
10334
19987
417
294
3575
671
15446
15
35529
2093
6657
1429
617
26044
2918
10090
187
3064
2545
17519
1965
1749
3661
58
6001
171
18265
90196
732
160
110834
2437
10264
206
163
239
469
635
144
133297
39044
25
1369
1111
14968
1685
1398
392
2531
697
5129
1060
37425
391
330
160771
5534
1940
2204
534
43888
33755
1113
990
2222
8471
567662
874
9086
4527
54355
3325
622
9339
1303
13478
38546
98577
606
1495
283
11989
2239
17546
5432
1023
548
1052
123210
1128
983
862
1851
63
656
167
2824
40268
134
5161
20530
829
12648
41215
1021
986
10753
535
2822
282
4056
497
31185
2997
4012
5543
4359
820
7953
327
92
521
2324
3064
2918
2373
17914
3462
8047
3028
45295
1100
3622
26409
79678
110295
5544
3463
11266
3610
2013
740
2817
631
116
62726
34062
18368
1131
759
377
640
4748
10261
1281
3114
661
174
17929
23464
1111
3419
913
343
13404
12736
838
26273
44994
252
287
332553
2572
123
357
234
10451
14952
49418
2133
4442
86411
3518
186
1936
275171
21793
495
1238
5419
559
615
5182
1651
5817
805
64731
218707
13160
1270
127
472
4684
481
28125
367
1882
492727
415
844
2208
171
1408
2222
4790
2498
166
31363
5988
295
866
916
1627
2053
592
2219
6099
2978
831
1915
17170
1162
430
1471
201
8664
1166
2529
2282
34247
21891
5944
1892
23978
610
1395
417
1681
3798
314
10619
119
26542
20404
111
472
16541
10384
1873
3967
2091
15026
1433
722
6799
6175
487
1133
4941
2710
681
1184
744
409
1626
372
5132
412
1130
19565
1487
8711
441
2620
14842
1104
1883
128386
853
141768
603
2562
8117
1271
88012
2611
15514
348
3251
141
94382
278016
1673
987
2616
965
35445
397
1545
309
3542
1265
105
2284
441
334
110870
587
2784
1308
937
31247
831
13442
178
865
4893
13072
2287
19221
1991
188108
242
1749
50478
27333
1765
174
73
2287
1713
401
1546
7975
2589
267
1142
751
15437
1066
294
3917
1651
24419
1539
1347
13460
338827
3816
1764
21674
6801
7971
357
291
736
81
8271
16080
323781
6412
1037
322
9889
201
558
16012
351
1645
1515
893
1016
14628
155257
12393
443
5298
554
115094
2221
615
4471
58311
260
620
118
1279
3036
1680
7255
2713
7324
4783
313
4498
3466
1756
2211
2237
291
230
294
555
1334
9849
27458
2722
10766
1750
2336513
778
5150
25978
78804
495
1583
2669
24626
2367
1679066
27326
108
3476
7171
1012
313
1501
2075
2949118
57777
1665
834037
364
24164
44654
5459
586
919
443
5810
1157
7954
204
13140
671
1182
4144
597
204
667
8267
7283
592
55563
1092
11082
1651
489
2083
1341
43664
256
308
1468
445
240
2124
288
94090
302
155
129
3205
105131
3800
773
46
572
172
23834
932
222
547
778
325
28167
23137
394
13401
3265
82
13709
805
293223
523
1183
346712
1803
7676
241
917
33929
7059
3903
315
35974
29889
14313
141
492
2440
2081
163439
1061
88121
443
9788
13698
13496
4244
491195
14453
160
122
6638
3243
4667
21569
781
240
3350
7246
8230
227
84431
496
17836
1722
535
1329
1058
965
5956
407
463
16894
821
114
536
152697
1965
15784
1232
540
110166
70797
109120
137
32124
415537
54281
198436
23
9886
1940
1638
17
33001
1117
415
339
400
112713
825
53992
361
1199
4344
2278
886
2721
36932
94270
407
3516
170924
1193
593
1676
24554
1163
3509
759
845
2452
41
16982
490
15105
1153
128
1362
2500
51874
763
7955
178913
30748
673
3785
289
7226
618
44987
392
168924
1634
1074
317
2579
535961
1931
57161
95
4156
182
277
1160
1041
333
2745
50802
2784
746
37138
88215
109
7046
3583
1289
1905
32334
4694
4310
7474
1611
1747
671
863
376
88
667
4734
1369
1717
2787
131281
2685
2661
233
721
53246
2387
345
14228
17100
2713
2504
46
12310
2631
1300
4069
6488
3584
477
217
297
12736
3970
3782
2539
5281
17945
1962
50673
54344
21706
23
1337
51969
13026
36529
548
6714
3622
72107
1399
53
2795
36522
28091
5764
4841
5235
112907
1462
198
395
473
940
1521
3883
41492
59749
300
1936
3411
1508
339
956
2398
558
413
369
10993
9799
1158
441
19950
31499
903
502
181197
3023
829
12692
3428
394
613
1981
76
280
62621
470
110819
156
105698
1490
171772
450
179
74747
1816
3411
21575
3354
65450
166
921
433
2698
56196
2789
64418
4780
2601
295
2682
1989
299
7149
267
26884
2086
448
7873
1325958
1339
3952
48568
17870
1614
25661
713
676
4124
1591
73008
66350
865
9263
698
6437
6850
582
55
2572
614
31066
5395
9474
973
196047
1608
90257
945
2262
626
15672
3863
231
735
41561
12722
462
145
977
281
1787455
61364
2117
10088
36591
659
229
851
7582
713
1461
109
61455
1998
490
1905
3269
6201
526
1359
632
95
328
596
2352
279
1236
9947
1986
1198
153563
613
4523
647
1510
117344
1306
1997
375
386
46716
979
10304
91
206
342
14754
2172
10524
2641
617
212
133752
5345
608
4323
71450
20556
1761
330
286
917
17349
365
556
764
9182
11682
2680
4077
7551
117
12950
1728
321
16273
28292
56519
18869
43134
18609
4394
3664
65299
3657
930
13121
339
788
4177
22745
619
217
2222
70979
869
11910
29
4502
3884
251
1030
3798
886
204
10491
55318
1914
19
8568
4094
775
392
52529
10852
872
425
336
23815
2011
243
34335
3628
109
535
212
671
6325
871
29977
1502
247
2138
1233
104520
501
14788
8558
25
5444
156829
454
251
8539
126
1710
1059
519
25
468
5387
6299
12593
2954
19062
7642
47
120967
131
1805
4065
2043
279411
6798
69057
2834
1609
1557
79696
40696
2132
399
4867
2163
7236
389
73769
290
15211
93
556
4052
1013
1804
368
1136
498
290
3729
11033
585
53039
732
2681
751
229
13374
1497
988
6885
8548
24029
137
5522
2357
5417
7229
10264
896
4452
316
675
191611
329
448
113670
582
54
382
703
64297
5339
20180
4421
15676
1239
910
45534
1764
240
3576
1890
1152
933
5314
1527
5713
10372
3121
3824
371
255
143
2521
3405
3106
173
298766
1168
29852
6538
16521
335
5130
37286
2140
4846
5976
12137
4322
3615
515794
65616
406
9205
506
3119
353
2442
4009
9391
281
8775
895
350
1091
331
577
14590
1122
30051
780
15413
493
1565
1697
960
2651
1286
5732
22550
188984
1311
281
560
559
251
13316
1357
144173
1181
959
1061
468
146
30452
391
1730
38440
50291
64991
381
186
76688
9706
609
29114
23936
72117
5809
5790
113
8530
15367
4459
54784
715
4724
200
10935
181
1517
397
1479
30933
434
3492
172232
752
105
12183
1732
49
367
1222
19566
2150
6077
263600
554
160
658
391
2332
878
20087
535
1371
8151
606
7633
2935
237
27009
613
1794
16543
4368
158468
25145
92830
34571
311
2933
119
152
659
225
6333
17165
602
423
7083
43848
972
1477
591
9831
4622
79
3864
1777
1791
16276
294
329
21599
5591
4200
37
23912
7667
438
1565
54785
6167
2751
4385
129866
617
390
364
1787
14663
139
479
2790
515292
14428
8875
292
35034
484
2518
133461
13376
384
49497
1024
29159
11360
55
566
1875
2980
3786
30461
37653
4076
5425
1991
1119
46532
220
513
87
1708
1760
10370
2815
334
11747
1774
24379
8389
217
247
22894
219644
453
14671
2335
853
31375
426823
494
660
2095
38414
3168
472
173
18038
552
72929
593
2682
2204
423
1213
93649
3128
1285
138312
133
296
3702
202402
72
795
1618
15556
283
3522
177
6772
66
7901
654
12111
20270
270
77543
6427
998
1302
577
4521
1421
512
6183
140
657
2015
69
2357
405
727
456
235
5582
1050
1110
8636
3501
3873
9891
680
727
6071
30117
978
426
30004
33200
59
11745
1164
1979
39984
186
5535
3832
1427
1166
302
142202
6148
257
17
143
29146
480
32234
335
70106
1334
1897
228
50828
2944
819
367
5798
241
4356
135
5601
1755
16579
15760
272
49739
3710
4334
9064
59797
1978
191
444
63
6570
135
78639
3257
750
1026
737
23495
394
143
33083
12296
2724
3208
338
698
96
3420
4533
3167
213
1038
2546
3002
12150
19002
1037
433
339
833
93448
3897
4359
5507
80022
99
38961
51
22981
1695
854
368
3382
15996
185
4211
11551
173
2679
592
214
304
3937
657
7822
6011
7986
1361
53268
600
692
761
20018
3100
8691
15920
3599
232
28495
2812
6306
891573
1742
932
11687
4229
3379
589
20194
1069
29926
1032
17037
161
62723
516
5170
235
2479
165
32868
458
5610
6780
603
3290
346
1849
450
1133
766
1245
15644
191290
745535
190749
8098
26391
126
41848
10063
4858
607
678
123
1191
15168
24494
788
247
329
3491
249
2204
608
573
374
4617
46135
2591
5948
1508
441
26812
593
218
1480
37363
308
6977
358
34
49
1645
2778
355
17375
714
104
317
6288
1856
2328
23054
994
241
279
337449
516
359
359
260
2032
298
1443
11811
1358
1268
3959
5035
1030
26921
1372
1782
486
3506
2128
75797
2084
388
697
1016
81241
30663
1354
108098
75518
29285
260
76949
1064
142
28979
3802
2447
1880
23193
1944
4718
2152
28466
623
15543
8225
5800
4976
3843
400
4817
303
23527
1966
62946
299
2644
146
3940
705
85
288
22644
30
1212
3754
860
8765
2805
912
899
87556
15969
800
2956
5918
7914
2763
3159
30140
2489
6495
1386
8957
308
5390
10669
2462
654
632
91095
90
61
1654
116750
15467
14792
25308
1725
248
1426
428
16274
310
847
322
3039
1443
4898
1114
658
3094
625
307815
339
929
22731
1193
15750
3170
2946
19077
1209
9546
904
106293
2340
655
569
20972
23862
728
526
5185
13232
12943
3603
1389
6394
16355
9279
205
2635
49355
158
45694
254
1189
2293
486
298
11179
20128
25107
14218
26613
467
2974
309
3123
100
636
16334
1199
15642
5565
571
27142
43981
443
6840
21581
388
106453
2498
4516
19001
155267
1268
3449
1577173
859
26063
658
2909
600
7244
1192
330
209
3134
552
1765
39140
5973
2057
706
812
1848
13845
52061
1704
1500
140780
19454
1854
4299
6427
3058
637
1120241
47016
100896
418
26410
9435
69487
57114
2938
71
579
5600
20689
4248
19916
492
4302
6775
32
749
2108
731
217
17976
9165
13275
8460
12322
155475
217916
663
200776
11876
6812
2963
283
4789
837
5349
3855
280
1199
5957
61399
14379
11745
5908
757
39824
609
1783
780
1805
4950
932
157162
2516
1023
10799
579
702
222
14325
3184
2192
1385
289096
32
1451
29837
917
558
862
6644
2738
1104
97294
230
94
33162
2369
7226
11050
730
3205
3523
1423
11517
53128
19757
16476
2217
2041
8414
621
758
30293
623
6557
1658
12291
3761
98321
1914
251
3740
3792
566
24839
1835
1626
227
3374
1345
1598
1115
173
9326
229
25921
3249
1806
22166
1476
1050
13014594
2768
1073
1812
6150
31650
31
776
13227
386
2754
11544
656
1644
2088
951
6427
23144
246
5917
827
96
19403
3009
27586
657
950
13164
3327
119
467
1427
54
5857
4043
4914
4169
1774
703
1797
747
1914
5237
2370
1310
420
1153
88360
1350
15245
13310
834
1834
2159
641
5395
36292
20825
1579
3180
589
823
18705
1753
70
1100
5033
13291
941
56813
281
722
561
1846
3072
4130
1326
9490
19252
1026
1659
255
2989
623
34171
48211
1859
18815
3957
196
677867
173
610
860
767
13719
2678
462
569
309
354
10682
1237
2758
28357
194
274
4520
308079
42435
3114
517
26252
16846
1638
288
140596
3770
203
1687
550
16900
1356
318
34783
277
381
3570
1433
819
10048
5791
1315
2648
36
528
2144
406
218
43261
3453
44340
138826
491
210
7482
414
17560
1634
10144
16433
32906
7721
551
1654
29336
767
7
3466
5959
12755
11066
175120
10301
741
4027
139241
13649
4577
17112
185
987
295
414
1755146
32601
1970
2270
616438
180
3942
2530
422
1989
1407
1928
729
35724
356
56
33895
2064
108
1008
475
267
17127
16030
91
249
8344
1954
956
26985
4638
3189
3998
11016
23909
5999
417
96
4846
49959
4405
147260
664
7806
2090
16741
3323
613
296
3761
56793
995
12274
17907
9772
1018
1066
143626
13901
383
389745
20420
213
30447
182282
11338
20336
16579
2469
4267
50295
161
820
1218
274
2947
633
1846
2758
524
2183
209
8715
1737
27677
4834
6680
11453
12372
117
4393
246771
14495
453207
1503
155603
1262
708
10605
416
14675
1454
1891
20954
285
28134
2407
59
131
1083
1784
34653
7399
25083
281
629
3487
11098
15
2452
56770
480
192381
178
12943
87
6335
7056
111548
24626
550
1042
265
1525
10929
106
613
130
349
4072
242
46285
5742
162
15892
4829
60
3518
234647
580
24642
84940
834956
3344
22334
38
142190
26562
80673
1493
3244
1380
574
814
146
705
8089
31591
13055
20612
2444
1151
21768
85661
2814
5859
471
838
1140
58040
313
766
1297
91
12530
8538
1302
3164
198366
2466
70325
3157
6795
64872
342
1508
7345
85
15649
2240
2414
5664
3065
818
13244
2307
10821
70740
155
352
6943
7214
374
45366
156980
372
7251
1154
955
17577
1083
2312
1570
111765
686
5172
377
6995
15392
2954
8353
729
380
809733
819
16037
2710
7180
161
21013
2945
2419
3108
7186
48154
1844
25361
15969
3190
108
5633
10261
24427
1765
635
2190
95888
109
1859
4371
1552
7699
1029
4950
1705
718
9821
34910
2226
12460
1815
13950
111147
396
6068
153
419
661
102945
5197
43128
3176
1446
955
6380
197
464
232
2348
965
851
1564
7337
5036
320145
13175
44
156598
14511
1772
357
934
2655
187
4644
295
4416
747
261
4339
5741
5088
103577
1896
12795
22755
517
13722
29513
1217
386
5139
2286
28922
3182
1130
172
20227
3188
784
1730
1474
20080
599
4888
99
32040
20921
371
3558
508
2323
622
417
13665
235
12552
23294
1417
10687
204
9948
2803
826
4521
1239
844
1035
72375
76
1160
283803
101625
512
22457
891
3659
2178
1511
7142
462
473
2326
2609
1637
21931
18197
1206
2368
227
1466
3161
1814
949845
131
916
183503
3980
1002
692
20665
434
381
8604
232277
1697
251
18998
468
388
4375
900
105040
2297
73028
11732
1019
2385
8022
13504
1279
317
460
693
8776
1055
160
1898
169
407395
69290
93
27
284052
1616
1577
795
3109
739
2887
3900
29
87567
515
3690
16738
1552
2709
5712
718
59
158
3869
1469
2911
180
13036
24483
234
16412
71836
903
26755
238393
18780
347
15321
1274
18257
484
1421240
1974
2025
127
249
63220
319
14909
2159
5544
1537
523
1577
136
109
1694484
173
1255
1078
769
5052
326
1119
5369
91
29
992
1419
8091
796
898
2739
989
302
1466
4287
267
8662
227
9315
2539
3005
23584
9160
9411
25030
129643
19160
265447
18239
3562
12019
1344
782
1831
89938
28762
1317
3290
433
29966
2955
1198
1523
567
465
682
6481
293
185413
2795
53706
269
385
5405
1457
2111
877
276
559
1485
68870
239
142771
10712
6866
38230
525
321
176
2201
2303
485
939
35628
41181
1755
407
3883
379
1019
26005
26624
13757
23126
1478
2513
3609
355
877
1285
20218
8387
6776
2499
265692
48002
28821
26948
4919
744
180
7151
204
799
33288
9758
335860
914
16327
1922
1927
442
566
1258
1488
2346
487
345
327
26741
596
693
3022
323
222693
2679
726
1133
6359
118
68339
12960
26126
12152
1058434
3329
824
3760
46189
297
7080
77234
4988
387
572985
733
14720
8
5779
1874
16947
24015
986
5122
9804
98
1229
161401
147
1397
1616
9594
124905
249
1244
945
8004
162
6085
1007
30419
21049
7163
22763
586
16979
2073
1411
2194
6008
21855
2917
26980
57795
311
2727
16978
2606
1234
398724
251
3662
410
22951
71924
563
337
92365
12766
1014
9805
46811
45930
190993
317
242
922
27552
41226
11520
4302
11938
32900
1027
7825
809
4919
14197
2938
1175
27278
1794
27491
41310
3792
180
2188
3578
440
528
3231
15056
1343
1205
547
408
40053
53087
45
2941
2839
30326
160
1624
311
13498
1118
36987
239
120
162247
266
5635
26772
548
36179
42511
119
7880
1290
394
359
1043
1209
657
46935
1312
7032
9367
2722
340
1728
1157
806
6881
504
277
5356
674
331
1030
462
6134
1404
23305
170
2491
2415
33289
357012
1777
4162
991
7951
2768
75949
321
482
12700
2159
2004
2384
1574
710254
58850
5302
103
252
15887
401
117
2024
11217
3126
18540
367992
11136
8516
1906
1640
8285
1704
12138
17538
5566
34577
4369
17556
1947
445
5002
296
1125
1198
67
121
92208
7351
1526
29097
101
497
2576
80898
12627
43
219
636
121
1923
35727
197
43603
224
580
12317
33014
48
8751
3230
1211
1593
597
623
133
219
6414
5445
8497
597
1154
326440
2299
2249
1110
1590
44589
59293
3210
18066
1060
224
2364
46605
199
9732
432
1247
11479
1846
645
610
60894
5971
249
190
2130
1909
1791
1111505
45987
1210
6985
2064
383
4087
390
501
12532
28814
105045
133602
7334
161
2602
10608
16127
3797
493
3602
9087
307
227
538
228
293
172
20718
97583
3497
819
17286
2515
5065
1090
12937
201
24991
584
141
50549
880
105914
29558
457
30114
441938
381
150
683
16346
200
12748
50839
10273
2229
5241
5896
29
153400
10007
37022
2639
45268
70379
169
1075
40467
8270
47863
3453
530
1461
2894
2329
23730
4930
143
986
150
731
14436
20
959
30352
45853
16961
17368
7069
9199
771
27
14595
932
1239479
1699
8357
690
3321
3111
3340
1445
238
3537
79
216
2929
14958
67852
161
3735
744
2656
5708
6104
118
7562
377
344
13975
1418
3973
149
11768
26484
6200
10717
2989
3558
512
1058
1506
406
2429
34623
3922
1548
146178
76241
111839
811
959
336
1319
60507
2471
11438
206
15205
108
367
30768
320
31579
1059
506
1966
669
33694
9861
7278
95
207
135
2076
14553
378
92164
2097
1035
1296
1881
996
4222
7239
18252
3701
6245
34170
1913
393
2024
307
845
3543
11251
11585
9724
6025
47011
2617
7370
1231
61535
71950
7298
32051
18732
27827
2669
422613
7613
2225
26935
142528
962
21281
7304
13896
3204
1105
333
1924
4261
6965
4624
493
74
56519
620
513
163754
228
3353
1330
624
1339
21718
4253
51345
1019
1998
1457
230937
1873
859
329
852
12696
3519
2231
1491
3414
80626
33279
1325
1198
806
7006
421
4394
1625
4201
172
12111
3747
2169
2216
2442
492
101675
24688
135
150583
3059
103
1709
945
1871
6293
78
202
42102
13371
39346
2947
119945
33846
174
2627
2126
15655
396
8418
1527
48720
2808
6470
18363
715
3798
469
793
9459
1735
485
253
473975
131883
22242
21588
1769
231
493
14340
19052
1641
19329
2524
4582
2749
19
4713
186
918
13743
1110
269
1798
109215
244
1616
328
30
1783
1674
326
37685
635
1797
36364
983
552
1804
633
57951
3119
13439
1209
43080
11078
1493
8693
3861
125145
222
28391
155
7294
19812
54
4376
7773
661
219
10128
453
363
51777
876
1730
24494
6728
1926
1182
801
201
2485
1210
36679
219
368
1248
1882
32152
16964
1406
17462
4757
563
3134
1023
15396
1709
1608
9620
70251
973
1994
48025
27305
381
2263
106319
402
414
140
158
101
4441
80806
25
3042
666
917
4196
139370
2697
3408985
32043
2344
46210
336583
1289
1778
1704
8103
205
71
1113
2796
1384
7410
638
4130
55166
524
667
2512
351
852
110
4373
722
3492
370
11
38200
348
8087
20938
211
9229
7074
53146
2854
2306
5648
756
63700
39667
1302
3966
10871
735
329
1422
894
2981
94
255
94
48759
3900
5874
759
826
208
5921
551
13395
1208
667
16276
905
488
2969
6193
102
37589
58891
220937
3936
25625
6817
503972
1166
976
189405
34200
2463
46
3220
2536
6795
554
495
10001
16982
33535
20328
937
2312
348
960
34552
503
28785
141
1310
105
41307
167
2299
1410
1318
370
299
25314
5398
677
344
96045
446
534
53409
192
19124
693
14293
510
498
13082
9975
1404
1676
3160
14024
909
1437
529
88580
132365
11459
21202
2081
1222
1446
3247
19321
1171
208
381
10500
4549
328
708
2783
7010
608
1510
4976
524610
38815
825
3238
2321
5947
137586
7437
15376
10616
35
346
1177
3594
91899
649
38908
644
549
17066
1299
3661
7804
738
73045
7179
44537
42364
335
30787
1027
583
6927
11899
239
3545
9409
1639
7948
7358
48478
663
337
14187
6171
137960
114809
534
1241
864
6466
17574
9145
690
16001
42497
584
19535
12748
31683
309
344564
2355
245
475
1665
7074
99
3910
473
7191
5656
5097
2390
4130
29887
1298
2074
15313
18397
580
1801
238
1069
192
116626
2812
1152
21783
2034
152
3477
460
364
12927
3170
2648
15319
223
1512
1931
1260
12615
445
203
45167
512155
564
9496
7858
1903
13515
21824
814
18797
138
6629
25059
1267
721
835
7867
8297
57262
15187
323
1674
210
2233
38609
80
16245
3422
1148
954
40055
746
57659
1424
488
229246
399
1537
454
10980
113
9125
107
200
822
153
525
179
11758
1697
533
4013
4896
9626
310
31333
220
1702
209
274
29023
14474
11551
312
6401
41276
1122
192
983
4119
55978
1086
406
610
22838
17818
156
566
1161
5429
29
148
2890
16539
60722
694
13965
6888
246908
632
16342
723
169597
236694
447
270902
159
501
25975
1054
726
1168
77
1001
2433
314
21
554
17784
485
874657
394
534
1872
1682
1172
1847
2719
23701
103
297
683
1078
35298
403
686
5033
2512
2742
805
783
887444
904914
197
6523
4130
9897
630
14462
448
538
17994
3645
34833
791
10823
14889
1859
1484
3531
11093
1157
515
146329
167
721
11379
72854
1638
11373
5002
20127
18493
234824
290821
240194
215
15074
883
14811
8865
2688
130613
7068
802
30040
1234
55194
5511
1927
2046
404
26796
206188
2917
11123
4921
17271
889
190
1705
8238
6305
203
2899
239
2924
78966
11882
12245
1046
7153
48536
864
989
1582
577
19307
319
110
1987
15
35855
126
370
50691
179478
172
1604
298
2674
345
12940
1184
22063
1022
1860
34325
10200
2813
84519
10896
16937
745
5333
515
2204
1585
10598
1495
694
354603
358
470
976
14255
546
624
168
14708
3286
3162
1550
1663
131095
15527
7852
2516
145652
2521
629
16446
112
12246
80738
12044
189
970
238
2603
951
2062
256
31277
10316
1788
1598
938
311
1285
36924
174
18939
89863
40580
350
8046
144
278
23374
71
95610
1000
1393
2396
415
807
14488
2003
638
2472
142388
176
277
24206
1009
114578
1492
536
12741
64
319
231
1075
21454
437
4015
769
510
1207
242
395
27303
1503
6588
107877
199
405
2320
48723
1005
3214
53622
418
572
342692
105
18999
4143
828
5044
400
2850
12
3563
13297
454871
171
20881
1581
709
2715
447
670
1130
531
1250
352
1977
185
1397
306
3920
2156
3443
628
176
2326
13178
13297
1830
4421
756
647
13036
1599
204
1622
1608
9445
1517
12813
1551
58138
21548
81229
1589
136949
2734
8959
49688
113
254
8314
4792
1296
24776
5846
27
7772
1153
174645
963
507
23108
6052
12193
649
288
3102
42360
4550
552
3532
1899
249
3250
217
6568
131
305
244
300
306735
4068
247843
187
99
685
7587
12343
1091
417
23904
295
28686
2574
1421
398
10541
4741
758
3944
9275
2239
206629
590
598
45428
334
7796
318
906
44288
24982
264
4905
2620
2142
327
273
9301
3526
21469
2463
31513
1971
16339
1736
96472
267
25979
15322
118582
8452
114805
442
570
376
184
325
16857
500
1839
83071
11013
137
2767
1164
13490
50573
830
5572
14419
14921
60234
3912
872
1415
17261
1873
900
544
729
396
577
2826
165
5216
335
4077
406
70484
299
961
162471
98
1139
167
1774
1287
1157
329
16330
762
8242
1560
8024
22038
3021
539792
181
2406
1896
299
5706
690
4348
3135
808
1824
11189
2997
3610
1786
16997
2050
44423
4406
33084
1731
39176
17196
589
291
4555
800
1712
501
1394
271
39860
355
33898
13334
204
284
17821
12139
545
20258
3424
18211
12139
253
7304
9150
4546
1460
258
148
2268
250
3763
121433
120782
55578
8400
2007
150286
1333
3721697
25942
348
1496
24276
109884
807
484
3584
5133
98859
1743
3470
22374
5572
131902
2676
456
1643
6093
53660
3972
324
8110
7063
795
724
1100
361261
6051
164189
2278
37622
227
218
466
110
1504
1295
82487
12697
52773
1519
4670
533
12290
1376
2851
3443
94
7459
599
227
1067
511
19947
4691
470
505557
4244
367
1703
5708
6800
81057
724
220166
405
36814
3518
12500
3507
20918
63665
60130
2289
8689
4122
174
582
393
484
12616
4026
360
1867
811
12138
304
346
92752
8781
440
10463
3304
932
420
233
923
2660
4168
98
517
3110
43613
29546
69
5139
38577
283
529
1137
1334
472
309
15363
608
98727
5605
11
528
291
2920
2863
856
5973
2393
57734
754
2505980
1567
8815
6750
22356
1341
6689
674
3600
548
13036
289
16323
1180
394
1087
3275
235
24623
7749
6014
10850
712
3219
679
344
1916
127
1590
22790
14570
870
129213
931
1724
50241
856
11533
134
62290
96
3489
14170
34
12987
28
9123
4126
1591
453
323
97
22539
17334
86753
17602
10230
322628
1028
610
2477
2863
2594
542
138
1270
1414
14212
6671
260
9019
187
6540
6805
842
13928
30319
12935
1342
2768
1488
1121
350
202
1073
1803
272
944
2226
531
19327
246
14945
79822
166
2004
21837
468
47483
315
19964
407
298
59
2987
380
5379
3722
1732
28137
676
770
1702
4106
17136
167
1066
2627
3608
3824
11617
897
14329
822
429
181
28082
362
366660
56037
282
1420
1683
47399
1503
1301
8055
302
35112
4302
4158
198882
2532
39023
474
621
802
1495
376
1204
43945
4221
381
808
1274
993
3802
5631
6933
6705
143
69
87
1252
2727
8324
2474
258
2327
9696
13196
3852
171
28082
94
1770
29635
686
487
41288
667
244
602
535
14138
1316
669
180
132
3097
3988
9466
3936
783
40148
1694
1908
627
18561
538
5085
286
310
82
391
703
75
11645
29452
2954
469
3225
1619
43571
15403
636
311
289
1372
4343
13
342
3133
8292
15485
2889
18235
39968
55554
4271
7208
709
564
3541
43027
963
625
604
98
192
10332
226
709
14624
186
43021
1066
784
5818
8
25
3413
39337
2037
264
1135
53819
240
14452
670
2617
576
7631
54
742
407
344
878
804
4295
12124
43587
9057
6428
1226
1078
565
8055
609
598
507
1218
2129
10246
2179
10534
5355
48976
7379
9907
1646
27485
37000
392
303
2478
3572
1757
859
20461
